Time,Channel A,Channel B
(s),(mV),(mV)

0.00000000,150.65460000,-79.56175000
0.00016384,150.65460000,-88.32056000
0.00032768,155.00350000,-83.94115000
0.00049152,155.00350000,-88.32056000
0.00065536,155.00350000,-79.56175000
0.00081920,155.00350000,-79.56175000
0.00098304,155.00350000,-70.80294000
0.00114688,150.65460000,-62.04412000
0.00131072,155.00350000,-70.80294000
0.00147456,155.00350000,-75.18234000
0.00163840,155.00350000,-66.42353000
0.00180224,150.65460000,-57.66472000
0.00196608,150.65460000,-70.80294000
0.00212992,150.65460000,-62.04412000
0.00229376,150.65460000,-57.66472000
0.00245760,150.65460000,-48.92117000
0.00262144,150.65460000,-57.66472000
0.00278528,150.65460000,-48.92117000
0.00294912,155.00350000,-44.54176000
0.00311296,155.00350000,-48.92117000
0.00327680,155.00350000,-53.28531000
0.00344064,155.00350000,-40.16236000
0.00360448,155.00350000,-40.16236000
0.00376832,150.65460000,-44.54176000
0.00393216,155.00350000,-27.02414000
0.00409600,150.65460000,-31.40354000
0.00425984,150.65460000,-31.40354000
0.00442368,155.00350000,-27.02414000
0.00458752,155.00350000,-22.64473000
0.00475136,155.00350000,-27.02414000
0.00491520,155.00350000,-18.26533000
0.00507904,150.65460000,-27.02414000
0.00524288,155.00350000,-27.02414000
0.00540672,150.65460000,-13.88592000
0.00557056,155.00350000,-22.64473000
0.00573440,150.65460000,-18.26533000
0.00589824,150.65460000,-13.88592000
0.00606208,155.00350000,-9.50651600
0.00622592,155.00350000,-13.88592000
0.00638976,155.00350000,-5.12710900
0.00655360,155.00350000,-5.12710900
0.00671744,155.00350000,-0.74770340
0.00688128,155.00350000,-5.12710900
0.00704512,155.00350000,3.61644300
0.00720896,155.00350000,-0.74770340
0.00737280,155.00350000,7.98059000
0.00753664,155.00350000,12.36000000
0.00770048,155.00350000,7.98059000
0.00786432,155.00350000,12.36000000
0.00802816,155.00350000,7.98059000
0.00819200,155.00350000,16.73940000
0.00835584,155.00350000,16.73940000
0.00851968,155.00350000,16.73940000
0.00868352,150.65460000,12.36000000
0.00884736,150.65460000,16.73940000
0.00901120,150.65460000,25.49821000
0.00917504,150.65460000,29.87762000
0.00933888,150.65460000,29.87762000
0.00950272,155.00350000,34.25703000
0.00966656,155.00350000,25.49821000
0.00983040,155.00350000,29.87762000
0.00999424,155.00350000,38.63643000
0.01015808,155.00350000,43.01583000
0.01032192,155.00350000,43.01583000
0.01048576,155.00350000,47.39524000
0.01064960,150.65460000,47.39524000
0.01081344,155.00350000,43.01583000
0.01097728,155.00350000,47.39524000
0.01114112,155.00350000,56.15405000
0.01130496,155.00350000,51.77465000
0.01146880,155.00350000,47.39524000
0.01163264,155.00350000,60.51820000
0.01179648,155.00350000,51.77465000
0.01196032,150.65460000,60.51820000
0.01212416,155.00350000,56.15405000
0.01228800,155.00350000,64.89761000
0.01245184,155.00350000,60.51820000
0.01261568,155.00350000,64.89761000
0.01277952,155.00350000,60.51820000
0.01294336,150.65460000,86.79464000
0.01310720,155.00350000,78.03583000
0.01327104,150.65460000,64.89761000
0.01343488,155.00350000,78.03583000
0.01359872,155.00350000,82.41523000
0.01376256,155.00350000,82.41523000
0.01392640,155.00350000,91.17404000
0.01409024,155.00350000,86.79464000
0.01425408,150.65460000,91.17404000
0.01441792,150.65460000,95.55344000
0.01458176,155.00350000,91.17404000
0.01474560,155.00350000,82.41523000
0.01490944,155.00350000,95.55344000
0.01507328,150.65460000,95.55344000
0.01523712,150.65460000,99.93285000
0.01540096,155.00350000,99.93285000
0.01556480,155.00350000,99.93285000
0.01572864,155.00350000,104.31230000
0.01589248,155.00350000,108.69170000
0.01605632,155.00350000,99.93285000
0.01622016,155.00350000,99.93285000
0.01638400,150.65460000,113.07110000
0.01654784,155.00350000,121.81460000
0.01671168,150.65460000,108.69170000
0.01687552,155.00350000,117.43520000
0.01703936,155.00350000,117.43520000
0.01720320,155.00350000,121.81460000
0.01736704,155.00350000,126.19400000
0.01753088,155.00350000,121.81460000
0.01769472,155.00350000,130.57340000
0.01785856,150.65460000,121.81460000
0.01802240,155.00350000,126.19400000
0.01818624,150.65460000,126.19400000
0.01835008,150.65460000,130.57340000
0.01851392,155.00350000,134.95280000
0.01867776,155.00350000,130.57340000
0.01884160,155.00350000,134.95280000
0.01900544,155.00350000,134.95280000
0.01916928,155.00350000,143.71170000
0.01933312,155.00350000,148.09100000
0.01949696,155.00350000,139.33220000
0.01966080,155.00350000,143.71170000
0.01982464,155.00350000,148.09100000
0.01998848,150.65460000,152.47050000
0.02015232,150.65460000,165.60870000
0.02031616,150.65460000,161.22930000
0.02048000,150.65460000,148.09100000
0.02064384,155.00350000,161.22930000
0.02080768,150.65460000,161.22930000
0.02097152,150.65460000,161.22930000
0.02113536,155.00350000,161.22930000
0.02129920,155.00350000,165.60870000
0.02146304,150.65460000,169.98810000
0.02162688,155.00350000,169.98810000
0.02179072,155.00350000,178.73160000
0.02195456,155.00350000,169.98810000
0.02211840,155.00350000,165.60870000
0.02228224,150.65460000,174.35220000
0.02244608,155.00350000,178.73160000
0.02260992,155.00350000,178.73160000
0.02277376,155.00350000,178.73160000
0.02293760,155.00350000,187.49040000
0.02310144,155.00350000,183.11100000
0.02326528,155.00350000,187.49040000
0.02342912,150.65460000,191.86990000
0.02359296,155.00350000,191.86990000
0.02375680,150.65460000,187.49040000
0.02392064,150.65460000,200.62870000
0.02408448,150.65460000,187.49040000
0.02424832,150.65460000,191.86990000
0.02441216,150.65460000,200.62870000
0.02457600,155.00350000,200.62870000
0.02473984,155.00350000,196.24930000
0.02490368,155.00350000,205.00810000
0.02506752,150.65460000,205.00810000
0.02523136,155.00350000,200.62870000
0.02539520,150.65460000,209.38750000
0.02555904,150.65460000,209.38750000
0.02572288,146.30570000,205.00810000
0.02588672,150.65460000,218.14630000
0.02605056,155.00350000,213.76690000
0.02621440,150.65460000,218.14630000
0.02637824,150.65460000,222.52570000
0.02654208,155.00350000,218.14630000
0.02670592,150.65460000,218.14630000
0.02686976,150.65460000,222.52570000
0.02703360,155.00350000,231.26930000
0.02719744,150.65460000,226.90510000
0.02736128,155.00350000,226.90510000
0.02752512,155.00350000,231.26930000
0.02768896,155.00350000,235.64870000
0.02785280,155.00350000,235.64870000
0.02801664,155.00350000,235.64870000
0.02818048,155.00350000,231.26930000
0.02834432,155.00350000,231.26930000
0.02850816,155.00350000,240.02810000
0.02867200,155.00350000,235.64870000
0.02883584,150.65460000,235.64870000
0.02899968,150.65460000,235.64870000
0.02916352,155.00350000,248.78690000
0.02932736,155.00350000,240.02810000
0.02949120,155.00350000,240.02810000
0.02965504,155.00350000,244.40750000
0.02981888,155.00350000,248.78690000
0.02998272,155.00350000,244.40750000
0.03014656,150.65460000,244.40750000
0.03031040,150.65460000,253.16630000
0.03047424,146.30570000,248.78690000
0.03063808,150.65460000,261.92510000
0.03080192,155.00350000,253.16630000
0.03096576,155.00350000,266.30450000
0.03112960,155.00350000,261.92510000
0.03129344,155.00350000,266.30450000
0.03145728,150.65460000,261.92510000
0.03162112,150.65460000,270.68390000
0.03178496,150.65460000,266.30450000
0.03194880,155.00350000,270.68390000
0.03211264,155.00350000,261.92510000
0.03227648,150.65460000,270.68390000
0.03244032,150.65460000,275.06330000
0.03260416,146.30570000,275.06330000
0.03276800,155.00350000,270.68390000
0.03293184,155.00350000,275.06330000
0.03309568,155.00350000,275.06330000
0.03325952,155.00350000,266.30450000
0.03342336,155.00350000,283.82210000
0.03358720,155.00350000,275.06330000
0.03375104,155.00350000,279.44270000
0.03391488,159.35240000,275.06330000
0.03407872,155.00350000,283.82210000
0.03424256,155.00350000,283.82210000
0.03440640,150.65460000,292.56570000
0.03457024,150.65460000,288.18630000
0.03473408,155.00350000,275.06330000
0.03489792,155.00350000,288.18630000
0.03506176,150.65460000,296.94510000
0.03522560,150.65460000,296.94510000
0.03538944,150.65460000,292.56570000
0.03555328,150.65460000,296.94510000
0.03571712,155.00350000,296.94510000
0.03588096,150.65460000,301.32450000
0.03604480,150.65460000,305.70390000
0.03620864,155.00350000,296.94510000
0.03637248,155.00350000,301.32450000
0.03653632,150.65460000,305.70390000
0.03670016,155.00350000,314.46270000
0.03686400,155.00350000,305.70390000
0.03702784,150.65460000,305.70390000
0.03719168,150.65460000,310.08330000
0.03735552,155.00350000,305.70390000
0.03751936,159.35240000,310.08330000
0.03768320,150.65460000,305.70390000
0.03784704,155.00350000,305.70390000
0.03801088,155.00350000,310.08330000
0.03817472,150.65460000,314.46270000
0.03833856,150.65460000,310.08330000
0.03850240,155.00350000,318.84210000
0.03866624,155.00350000,318.84210000
0.03883008,150.65460000,323.22150000
0.03899392,155.00350000,318.84210000
0.03915776,150.65460000,323.22150000
0.03932160,150.65460000,318.84210000
0.03948544,159.35240000,327.60090000
0.03964928,155.00350000,327.60090000
0.03981312,155.00350000,318.84210000
0.03997696,155.00350000,327.60090000
0.04014080,155.00350000,327.60090000
0.04030464,155.00350000,327.60090000
0.04046848,150.65460000,323.22150000
0.04063232,150.65460000,331.98030000
0.04079616,155.00350000,331.98030000
0.04096000,150.65460000,327.60090000
0.04112384,155.00350000,331.98030000
0.04128768,155.00350000,331.98030000
0.04145152,146.30570000,327.60090000
0.04161536,155.00350000,327.60090000
0.04177920,150.65460000,336.35970000
0.04194304,150.65460000,340.72390000
0.04210688,155.00350000,345.10330000
0.04227072,150.65460000,340.72390000
0.04243456,155.00350000,340.72390000
0.04259840,146.30570000,340.72390000
0.04276224,159.35240000,340.72390000
0.04292608,150.65460000,340.72390000
0.04308992,150.65460000,345.10330000
0.04325376,155.00350000,340.72390000
0.04341760,155.00350000,345.10330000
0.04358144,155.00350000,340.72390000
0.04374528,150.65460000,345.10330000
0.04390912,159.35240000,349.48270000
0.04407296,155.00350000,345.10330000
0.04423680,159.35240000,349.48270000
0.04440064,150.65460000,353.86210000
0.04456448,159.35240000,353.86210000
0.04472832,150.65460000,353.86210000
0.04489216,155.00350000,358.24150000
0.04505600,155.00350000,353.86210000
0.04521984,155.00350000,345.10330000
0.04538368,150.65460000,353.86210000
0.04554752,155.00350000,358.24150000
0.04571136,150.65460000,349.48270000
0.04587520,155.00350000,358.24150000
0.04603904,150.65460000,353.86210000
0.04620288,155.00350000,358.24150000
0.04636672,150.65460000,353.86210000
0.04653056,155.00350000,362.62090000
0.04669440,155.00350000,367.00030000
0.04685824,150.65460000,362.62090000
0.04702208,155.00350000,367.00030000
0.04718592,146.30570000,367.00030000
0.04734976,155.00350000,353.86210000
0.04751360,146.30570000,358.24150000
0.04767744,155.00350000,375.75910000
0.04784128,155.00350000,367.00030000
0.04800512,150.65460000,362.62090000
0.04816896,155.00350000,367.00030000
0.04833280,146.30570000,345.10330000
0.04849664,155.00350000,367.00030000
0.04866048,155.00350000,367.00030000
0.04882432,146.30570000,362.62090000
0.04898816,159.35240000,367.00030000
0.04915200,146.30570000,367.00030000
0.04931584,146.30570000,371.37970000
0.04947968,155.00350000,371.37970000
0.04964352,150.65460000,362.62090000
0.04980736,155.00350000,371.37970000
0.04997120,155.00350000,367.00030000
0.05013504,150.65460000,367.00030000
0.05029888,155.00350000,371.37970000
0.05046272,159.35240000,362.62090000
0.05062656,150.65460000,367.00030000
0.05079040,150.65460000,375.75910000
0.05095424,159.35240000,367.00030000
0.05111808,150.65460000,367.00030000
0.05128192,150.65460000,375.75910000
0.05144576,155.00350000,375.75910000
0.05160960,155.00350000,371.37970000
0.05177344,150.65460000,367.00030000
0.05193728,155.00350000,375.75910000
0.05210112,155.00350000,371.37970000
0.05226496,150.65460000,371.37970000
0.05242880,146.30570000,367.00030000
0.05259264,155.00350000,367.00030000
0.05275648,155.00350000,371.37970000
0.05292032,155.00350000,375.75910000
0.05308416,146.30570000,375.75910000
0.05324800,155.00350000,371.37970000
0.05341184,155.00350000,375.75910000
0.05357568,150.65460000,375.75910000
0.05373952,150.65460000,380.13850000
0.05390336,155.00350000,375.75910000
0.05406720,159.35240000,371.37970000
0.05423104,155.00350000,375.75910000
0.05439488,150.65460000,375.75910000
0.05455872,150.65460000,371.37970000
0.05472256,155.00350000,371.37970000
0.05488640,155.00350000,388.89730000
0.05505024,155.00350000,380.13850000
0.05521408,155.00350000,380.13850000
0.05537792,150.65460000,380.13850000
0.05554176,146.30570000,380.13850000
0.05570560,155.00350000,375.75910000
0.05586944,155.00350000,375.75910000
0.05603328,159.35240000,371.37970000
0.05619712,155.00350000,375.75910000
0.05636096,150.65460000,375.75910000
0.05652480,141.95680000,375.75910000
0.05668864,150.65460000,384.51790000
0.05685248,150.65460000,380.13850000
0.05701632,155.00350000,380.13850000
0.05718016,159.35240000,380.13850000
0.05734400,159.35240000,380.13850000
0.05750784,159.35240000,375.75910000
0.05767168,155.00350000,375.75910000
0.05783552,150.65460000,375.75910000
0.05799936,146.30570000,375.75910000
0.05816320,150.65460000,380.13850000
0.05832704,141.95680000,380.13850000
0.05849088,146.30570000,375.75910000
0.05865472,150.65460000,380.13850000
0.05881856,155.00350000,375.75910000
0.05898240,155.00350000,375.75910000
0.05914624,155.00350000,380.13850000
0.05931008,159.35240000,375.75910000
0.05947392,163.70130000,380.13850000
0.05963776,159.35240000,380.13850000
0.05980160,159.35240000,375.75910000
0.05996544,163.70130000,375.75910000
0.06012928,159.35240000,380.13850000
0.06029312,163.70130000,371.37970000
0.06045696,159.35240000,380.13850000
0.06062080,163.70130000,375.75910000
0.06078464,159.35240000,367.00030000
0.06094848,163.70130000,371.37970000
0.06111232,159.35240000,371.37970000
0.06127616,159.35240000,375.75910000
0.06144000,163.70130000,388.89730000
0.06160384,159.35240000,375.75910000
0.06176768,155.00350000,367.00030000
0.06193152,155.00350000,371.37970000
0.06209536,155.00350000,367.00030000
0.06225920,150.65460000,371.37970000
0.06242304,146.30570000,375.75910000
0.06258688,146.30570000,367.00030000
0.06275072,146.30570000,380.13850000
0.06291456,150.65460000,367.00030000
0.06307840,150.65460000,375.75910000
0.06324224,155.00350000,362.62090000
0.06340608,159.35240000,371.37970000
0.06356992,163.70130000,375.75910000
0.06373376,159.35240000,375.75910000
0.06389760,155.00350000,367.00030000
0.06406144,150.65460000,358.24150000
0.06422528,146.30570000,367.00030000
0.06438912,141.95680000,367.00030000
0.06455296,141.95680000,367.00030000
0.06471680,155.00350000,375.75910000
0.06488064,163.70130000,371.37970000
0.06504448,159.35240000,367.00030000
0.06520832,155.00350000,367.00030000
0.06537216,155.00350000,371.37970000
0.06553600,146.30570000,371.37970000
0.06569984,150.65460000,358.24150000
0.06586368,150.65460000,371.37970000
0.06602752,155.00350000,367.00030000
0.06619136,159.35240000,367.00030000
0.06635520,155.00350000,353.86210000
0.06651904,146.30570000,358.24150000
0.06668288,141.95680000,367.00030000
0.06684672,146.30570000,358.24150000
0.06701056,159.35240000,353.86210000
0.06717440,159.35240000,345.10330000
0.06733824,155.00350000,358.24150000
0.06750208,146.30570000,358.24150000
0.06766592,141.95680000,362.62090000
0.06782976,155.00350000,353.86210000
0.06799360,159.35240000,367.00030000
0.06815744,150.65460000,358.24150000
0.06832128,150.65460000,353.86210000
0.06848512,150.65460000,349.48270000
0.06864896,155.00350000,349.48270000
0.06881280,155.00350000,345.10330000
0.06897664,146.30570000,353.86210000
0.06914048,150.65460000,353.86210000
0.06930432,155.00350000,358.24150000
0.06946816,155.00350000,358.24150000
0.06963200,146.30570000,345.10330000
0.06979584,155.00350000,349.48270000
0.06995968,159.35240000,349.48270000
0.07012352,150.65460000,340.72390000
0.07028736,150.65460000,345.10330000
0.07045120,159.35240000,345.10330000
0.07061504,155.00350000,345.10330000
0.07077888,141.95680000,336.35970000
0.07094272,155.00350000,336.35970000
0.07110656,150.65460000,336.35970000
0.07127040,146.30570000,336.35970000
0.07143424,155.00350000,345.10330000
0.07159808,155.00350000,340.72390000
0.07176192,150.65460000,331.98030000
0.07192576,155.00350000,345.10330000
0.07208960,155.00350000,340.72390000
0.07225344,146.30570000,340.72390000
0.07241728,159.35240000,345.10330000
0.07258112,155.00350000,331.98030000
0.07274496,150.65460000,340.72390000
0.07290880,155.00350000,336.35970000
0.07307264,150.65460000,340.72390000
0.07323648,155.00350000,331.98030000
0.07340032,155.00350000,327.60090000
0.07356416,146.30570000,327.60090000
0.07372800,159.35240000,331.98030000
0.07389184,150.65460000,327.60090000
0.07405568,155.00350000,327.60090000
0.07421952,155.00350000,310.08330000
0.07438336,150.65460000,336.35970000
0.07454720,159.35240000,336.35970000
0.07471104,150.65460000,323.22150000
0.07487488,155.00350000,318.84210000
0.07503872,155.00350000,310.08330000
0.07520256,150.65460000,323.22150000
0.07536640,155.00350000,323.22150000
0.07553024,150.65460000,310.08330000
0.07569408,159.35240000,314.46270000
0.07585792,150.65460000,323.22150000
0.07602176,155.00350000,318.84210000
0.07618560,155.00350000,310.08330000
0.07634944,155.00350000,305.70390000
0.07651328,159.35240000,310.08330000
0.07667712,155.00350000,314.46270000
0.07684096,155.00350000,305.70390000
0.07700480,150.65460000,310.08330000
0.07716864,155.00350000,305.70390000
0.07733248,150.65460000,305.70390000
0.07749632,155.00350000,301.32450000
0.07766016,155.00350000,296.94510000
0.07782400,155.00350000,301.32450000
0.07798784,150.65460000,305.70390000
0.07815168,155.00350000,301.32450000
0.07831552,150.65460000,301.32450000
0.07847936,155.00350000,292.56570000
0.07864320,155.00350000,296.94510000
0.07880704,155.00350000,292.56570000
0.07897088,155.00350000,292.56570000
0.07913472,155.00350000,296.94510000
0.07929856,146.30570000,283.82210000
0.07946240,159.35240000,288.18630000
0.07962624,146.30570000,292.56570000
0.07979008,159.35240000,288.18630000
0.07995392,150.65460000,283.82210000
0.08011776,155.00350000,283.82210000
0.08028160,155.00350000,283.82210000
0.08044544,150.65460000,275.06330000
0.08060928,155.00350000,275.06330000
0.08077312,150.65460000,270.68390000
0.08093696,155.00350000,275.06330000
0.08110080,150.65460000,270.68390000
0.08126464,155.00350000,275.06330000
0.08142848,155.00350000,270.68390000
0.08159232,150.65460000,275.06330000
0.08175616,155.00350000,266.30450000
0.08192000,155.00350000,270.68390000
0.08208384,155.00350000,266.30450000
0.08224768,159.35240000,261.92510000
0.08241152,150.65460000,261.92510000
0.08257536,150.65460000,257.54570000
0.08273920,155.00350000,257.54570000
0.08290304,146.30570000,261.92510000
0.08306688,155.00350000,257.54570000
0.08323072,155.00350000,261.92510000
0.08339456,146.30570000,261.92510000
0.08355840,150.65460000,261.92510000
0.08372224,155.00350000,257.54570000
0.08388608,150.65460000,253.16630000
0.08404992,155.00350000,253.16630000
0.08421376,155.00350000,248.78690000
0.08437760,150.65460000,248.78690000
0.08454144,150.65460000,253.16630000
0.08470528,155.00350000,240.02810000
0.08486912,155.00350000,240.02810000
0.08503296,150.65460000,244.40750000
0.08519680,155.00350000,240.02810000
0.08536064,155.00350000,235.64870000
0.08552448,150.65460000,235.64870000
0.08568832,155.00350000,240.02810000
0.08585216,155.00350000,231.26930000
0.08601600,155.00350000,231.26930000
0.08617984,150.65460000,231.26930000
0.08634368,155.00350000,226.90510000
0.08650752,150.65460000,226.90510000
0.08667136,155.00350000,231.26930000
0.08683520,155.00350000,226.90510000
0.08699904,155.00350000,226.90510000
0.08716288,150.65460000,222.52570000
0.08732672,150.65460000,222.52570000
0.08749056,155.00350000,231.26930000
0.08765440,155.00350000,213.76690000
0.08781824,155.00350000,213.76690000
0.08798208,150.65460000,213.76690000
0.08814592,150.65460000,218.14630000
0.08830976,155.00350000,218.14630000
0.08847360,155.00350000,209.38750000
0.08863744,155.00350000,200.62870000
0.08880128,150.65460000,200.62870000
0.08896512,155.00350000,205.00810000
0.08912896,155.00350000,200.62870000
0.08929280,155.00350000,200.62870000
0.08945664,155.00350000,213.76690000
0.08962048,150.65460000,196.24930000
0.08978432,150.65460000,196.24930000
0.08994816,150.65460000,196.24930000
0.09011200,155.00350000,191.86990000
0.09027584,155.00350000,191.86990000
0.09043968,150.65460000,187.49040000
0.09060352,150.65460000,183.11100000
0.09076736,150.65460000,191.86990000
0.09093120,155.00350000,191.86990000
0.09109504,155.00350000,187.49040000
0.09125888,155.00350000,178.73160000
0.09142272,155.00350000,178.73160000
0.09158656,155.00350000,178.73160000
0.09175040,150.65460000,178.73160000
0.09191424,150.65460000,174.35220000
0.09207808,150.65460000,174.35220000
0.09224192,155.00350000,165.60870000
0.09240576,155.00350000,169.98810000
0.09256960,155.00350000,165.60870000
0.09273344,150.65460000,161.22930000
0.09289728,150.65460000,174.35220000
0.09306112,150.65460000,165.60870000
0.09322496,150.65460000,165.60870000
0.09338880,155.00350000,161.22930000
0.09355264,155.00350000,156.84990000
0.09371648,155.00350000,152.47050000
0.09388032,155.00350000,161.22930000
0.09404416,155.00350000,148.09100000
0.09420800,155.00350000,148.09100000
0.09437184,155.00350000,148.09100000
0.09453568,155.00350000,152.47050000
0.09469952,155.00350000,143.71170000
0.09486336,155.00350000,152.47050000
0.09502720,150.65460000,148.09100000
0.09519104,150.65460000,148.09100000
0.09535488,150.65460000,134.95280000
0.09551872,150.65460000,134.95280000
0.09568256,155.00350000,148.09100000
0.09584640,150.65460000,130.57340000
0.09601024,150.65460000,134.95280000
0.09617408,150.65460000,126.19400000
0.09633792,155.00350000,126.19400000
0.09650176,150.65460000,126.19400000
0.09666560,155.00350000,117.43520000
0.09682944,150.65460000,121.81460000
0.09699328,150.65460000,117.43520000
0.09715712,150.65460000,113.07110000
0.09732096,150.65460000,117.43520000
0.09748480,155.00350000,113.07110000
0.09764864,155.00350000,117.43520000
0.09781248,150.65460000,99.93285000
0.09797632,155.00350000,99.93285000
0.09814016,155.00350000,99.93285000
0.09830400,150.65460000,99.93285000
0.09846784,155.00350000,104.31230000
0.09863168,155.00350000,99.93285000
0.09879552,155.00350000,95.55344000
0.09895936,155.00350000,86.79464000
0.09912320,150.65460000,99.93285000
0.09928704,155.00350000,95.55344000
0.09945088,155.00350000,95.55344000
0.09961472,155.00350000,86.79464000
0.09977856,155.00350000,78.03583000
0.09994240,150.65460000,95.55344000
0.10010624,150.65460000,82.41523000
0.10027008,150.65460000,78.03583000
0.10043392,150.65460000,78.03583000
0.10059776,150.65460000,82.41523000
0.10076160,150.65460000,73.65642000
0.10092544,150.65460000,73.65642000
0.10108928,150.65460000,73.65642000
0.10125312,155.00350000,64.89761000
0.10141696,150.65460000,64.89761000
0.10158080,155.00350000,64.89761000
0.10174464,155.00350000,60.51820000
0.10190848,155.00350000,60.51820000
0.10207232,155.00350000,60.51820000
0.10223616,155.00350000,60.51820000
0.10240000,155.00350000,60.51820000
0.10256384,155.00350000,56.15405000
0.10272768,150.65460000,47.39524000
0.10289152,150.65460000,51.77465000
0.10305536,150.65460000,47.39524000
0.10321920,155.00350000,47.39524000
0.10338304,155.00350000,38.63643000
0.10354688,155.00350000,38.63643000
0.10371072,155.00350000,38.63643000
0.10387456,159.35240000,29.87762000
0.10403840,155.00350000,43.01583000
0.10420224,150.65460000,34.25703000
0.10436608,146.30570000,29.87762000
0.10452992,155.00350000,29.87762000
0.10469376,150.65460000,29.87762000
0.10485760,150.65460000,21.11881000
0.10502144,150.65460000,25.49821000
0.10518528,155.00350000,21.11881000
0.10534912,155.00350000,16.73940000
0.10551296,155.00350000,21.11881000
0.10567680,155.00350000,16.73940000
0.10584064,155.00350000,12.36000000
0.10600448,155.00350000,12.36000000
0.10616832,155.00350000,16.73940000
0.10633216,155.00350000,12.36000000
0.10649600,150.65460000,7.98059000
0.10665984,155.00350000,3.61644300
0.10682368,150.65460000,-5.12710900
0.10698752,155.00350000,12.36000000
0.10715136,155.00350000,-5.12710900
0.10731520,150.65460000,-5.12710900
0.10747904,155.00350000,-5.12710900
0.10764288,155.00350000,-9.50651600
0.10780672,155.00350000,-9.50651600
0.10797056,155.00350000,-9.50651600
0.10813440,155.00350000,-13.88592000
0.10829824,155.00350000,-13.88592000
0.10846208,155.00350000,-18.26533000
0.10862592,150.65460000,-13.88592000
0.10878976,150.65460000,-13.88592000
0.10895360,150.65460000,-18.26533000
0.10911744,150.65460000,-27.02414000
0.10928128,155.00350000,-35.78295000
0.10944512,155.00350000,-22.64473000
0.10960896,155.00350000,-27.02414000
0.10977280,155.00350000,-31.40354000
0.10993664,159.35240000,-40.16236000
0.11010048,155.00350000,-40.16236000
0.11026432,155.00350000,-44.54176000
0.11042816,150.65460000,-40.16236000
0.11059200,150.65460000,-40.16236000
0.11075584,150.65460000,-44.54176000
0.11091968,150.65460000,-48.92117000
0.11108352,155.00350000,-44.54176000
0.11124736,155.00350000,-53.28531000
0.11141120,155.00350000,-40.16236000
0.11157504,155.00350000,-48.92117000
0.11173888,155.00350000,-57.66472000
0.11190272,150.65460000,-57.66472000
0.11206656,150.65460000,-57.66472000
0.11223040,155.00350000,-66.42353000
0.11239424,155.00350000,-57.66472000
0.11255808,150.65460000,-62.04412000
0.11272192,155.00350000,-62.04412000
0.11288576,155.00350000,-75.18234000
0.11304960,155.00350000,-66.42353000
0.11321344,159.35240000,-66.42353000
0.11337728,155.00350000,-79.56175000
0.11354112,150.65460000,-79.56175000
0.11370496,150.65460000,-79.56175000
0.11386880,150.65460000,-83.94115000
0.11403264,155.00350000,-79.56175000
0.11419648,155.00350000,-88.32056000
0.11436032,155.00350000,-92.69997000
0.11452416,150.65460000,-88.32056000
0.11468800,155.00350000,-83.94115000
0.11485184,155.00350000,-88.32056000
0.11501568,150.65460000,-97.07938000
0.11517952,155.00350000,-92.69997000
0.11534336,155.00350000,-92.69997000
0.11550720,155.00350000,-101.45880000
0.11567104,155.00350000,-105.83820000
0.11583488,155.00350000,-97.07938000
0.11599872,155.00350000,-97.07938000
0.11616256,150.65460000,-97.07938000
0.11632640,150.65460000,-110.20230000
0.11649024,155.00350000,-114.58170000
0.11665408,155.00350000,-114.58170000
0.11681792,155.00350000,-118.96110000
0.11698176,155.00350000,-110.20230000
0.11714560,150.65460000,-114.58170000
0.11730944,150.65460000,-123.34050000
0.11747328,150.65460000,-127.72000000
0.11763712,155.00350000,-123.34050000
0.11780096,155.00350000,-127.72000000
0.11796480,155.00350000,-127.72000000
0.11812864,155.00350000,-127.72000000
0.11829248,155.00350000,-127.72000000
0.11845632,155.00350000,-136.47880000
0.11862016,155.00350000,-136.47880000
0.11878400,150.65460000,-136.47880000
0.11894784,155.00350000,-136.47880000
0.11911168,150.65460000,-136.47880000
0.11927552,155.00350000,-145.23760000
0.11943936,150.65460000,-145.23760000
0.11960320,155.00350000,-149.61700000
0.11976704,155.00350000,-153.99640000
0.11993088,155.00350000,-149.61700000
0.12009472,155.00350000,-153.99640000
0.12025856,155.00350000,-153.99640000
0.12042240,150.65460000,-153.99640000
0.12058624,155.00350000,-153.99640000
0.12075008,150.65460000,-158.37580000
0.12091392,150.65460000,-158.37580000
0.12107776,155.00350000,-162.75520000
0.12124160,155.00350000,-162.75520000
0.12140544,150.65460000,-162.75520000
0.12156928,155.00350000,-167.11930000
0.12173312,155.00350000,-171.49870000
0.12189696,155.00350000,-175.87820000
0.12206080,155.00350000,-180.25760000
0.12222464,155.00350000,-180.25760000
0.12238848,155.00350000,-180.25760000
0.12255232,155.00350000,-180.25760000
0.12271616,155.00350000,-180.25760000
0.12288000,150.65460000,-180.25760000
0.12304384,155.00350000,-180.25760000
0.12320768,150.65460000,-184.63700000
0.12337152,150.65460000,-180.25760000
0.12353536,146.30570000,-184.63700000
0.12369920,150.65460000,-193.39580000
0.12386304,150.65460000,-193.39580000
0.12402688,150.65460000,-189.01640000
0.12419072,150.65460000,-193.39580000
0.12435456,150.65460000,-197.77520000
0.12451840,155.00350000,-202.15460000
0.12468224,155.00350000,-193.39580000
0.12484608,155.00350000,-197.77520000
0.12500992,155.00350000,-197.77520000
0.12517376,155.00350000,-197.77520000
0.12533760,155.00350000,-206.53400000
0.12550144,155.00350000,-215.29280000
0.12566528,155.00350000,-202.15460000
0.12582912,155.00350000,-219.67220000
0.12599296,155.00350000,-215.29280000
0.12615680,155.00350000,-215.29280000
0.12632064,150.65460000,-215.29280000
0.12648448,155.00350000,-219.67220000
0.12664832,155.00350000,-224.03640000
0.12681216,155.00350000,-219.67220000
0.12697600,155.00350000,-228.41580000
0.12713984,150.65460000,-232.79520000
0.12730368,150.65460000,-224.03640000
0.12746752,150.65460000,-232.79520000
0.12763136,150.65460000,-232.79520000
0.12779520,150.65460000,-232.79520000
0.12795904,150.65460000,-232.79520000
0.12812288,155.00350000,-232.79520000
0.12828672,155.00350000,-241.55400000
0.12845056,155.00350000,-228.41580000
0.12861440,155.00350000,-232.79520000
0.12877824,155.00350000,-245.93340000
0.12894208,155.00350000,-232.79520000
0.12910592,155.00350000,-237.17460000
0.12926976,155.00350000,-250.31280000
0.12943360,155.00350000,-250.31280000
0.12959744,155.00350000,-245.93340000
0.12976128,155.00350000,-245.93340000
0.12992512,155.00350000,-245.93340000
0.13008896,155.00350000,-254.69220000
0.13025280,150.65460000,-250.31280000
0.13041664,155.00350000,-254.69220000
0.13058048,155.00350000,-254.69220000
0.13074432,155.00350000,-259.07160000
0.13090816,150.65460000,-259.07160000
0.13107200,155.00350000,-259.07160000
0.13123584,155.00350000,-263.45100000
0.13139968,155.00350000,-254.69220000
0.13156352,155.00350000,-267.83040000
0.13172736,155.00350000,-259.07160000
0.13189120,155.00350000,-267.83040000
0.13205504,150.65460000,-267.83040000
0.13221888,150.65460000,-263.45100000
0.13238272,150.65460000,-263.45100000
0.13254656,150.65460000,-272.20980000
0.13271040,155.00350000,-272.20980000
0.13287424,155.00350000,-272.20980000
0.13303808,155.00350000,-280.95340000
0.13320192,155.00350000,-280.95340000
0.13336576,150.65460000,-280.95340000
0.13352960,150.65460000,-276.58920000
0.13369344,155.00350000,-272.20980000
0.13385728,155.00350000,-285.33280000
0.13402112,155.00350000,-289.71220000
0.13418496,155.00350000,-289.71220000
0.13434880,155.00350000,-289.71220000
0.13451264,150.65460000,-285.33280000
0.13467648,155.00350000,-294.09160000
0.13484032,155.00350000,-285.33280000
0.13500416,155.00350000,-289.71220000
0.13516800,155.00350000,-298.47100000
0.13533184,155.00350000,-298.47100000
0.13549568,150.65460000,-302.85040000
0.13565952,155.00350000,-302.85040000
0.13582336,150.65460000,-294.09160000
0.13598720,155.00350000,-302.85040000
0.13615104,155.00350000,-294.09160000
0.13631488,155.00350000,-298.47100000
0.13647872,150.65460000,-298.47100000
0.13664256,155.00350000,-289.71220000
0.13680640,155.00350000,-302.85040000
0.13697024,150.65460000,-298.47100000
0.13713408,155.00350000,-307.22980000
0.13729792,155.00350000,-302.85040000
0.13746176,155.00350000,-311.60920000
0.13762560,150.65460000,-307.22980000
0.13778944,155.00350000,-311.60920000
0.13795328,150.65460000,-320.36800000
0.13811712,150.65460000,-324.74750000
0.13828096,155.00350000,-311.60920000
0.13844480,150.65460000,-320.36800000
0.13860864,155.00350000,-324.74750000
0.13877248,150.65460000,-311.60920000
0.13893632,155.00350000,-315.98860000
0.13910016,155.00350000,-315.98860000
0.13926400,155.00350000,-324.74750000
0.13942784,150.65460000,-320.36800000
0.13959168,155.00350000,-320.36800000
0.13975552,150.65460000,-324.74750000
0.13991936,155.00350000,-329.12680000
0.14008320,150.65460000,-329.12680000
0.14024704,155.00350000,-333.49100000
0.14041088,150.65460000,-324.74750000
0.14057472,155.00350000,-329.12680000
0.14073856,155.00350000,-333.49100000
0.14090240,155.00350000,-333.49100000
0.14106624,150.65460000,-333.49100000
0.14123008,155.00350000,-333.49100000
0.14139392,150.65460000,-333.49100000
0.14155776,155.00350000,-333.49100000
0.14172160,150.65460000,-337.87040000
0.14188544,150.65460000,-342.24980000
0.14204928,155.00350000,-333.49100000
0.14221312,155.00350000,-337.87040000
0.14237696,155.00350000,-342.24980000
0.14254080,155.00350000,-342.24980000
0.14270464,150.65460000,-342.24980000
0.14286848,155.00350000,-346.62920000
0.14303232,150.65460000,-342.24980000
0.14319616,155.00350000,-342.24980000
0.14336000,155.00350000,-342.24980000
0.14352384,155.00350000,-346.62920000
0.14368768,155.00350000,-342.24980000
0.14385152,155.00350000,-342.24980000
0.14401536,155.00350000,-346.62920000
0.14417920,150.65460000,-342.24980000
0.14434304,155.00350000,-337.87040000
0.14450688,155.00350000,-346.62920000
0.14467072,155.00350000,-342.24980000
0.14483456,155.00350000,-351.00860000
0.14499840,155.00350000,-346.62920000
0.14516224,155.00350000,-355.38800000
0.14532608,155.00350000,-351.00860000
0.14548992,155.00350000,-355.38800000
0.14565376,155.00350000,-355.38800000
0.14581760,155.00350000,-359.76740000
0.14598144,155.00350000,-355.38800000
0.14614528,155.00350000,-355.38800000
0.14630912,155.00350000,-359.76740000
0.14647296,150.65460000,-351.00860000
0.14663680,150.65460000,-355.38800000
0.14680064,155.00350000,-355.38800000
0.14696448,155.00350000,-359.76740000
0.14712832,150.65460000,-364.14690000
0.14729216,155.00350000,-359.76740000
0.14745600,155.00350000,-368.52620000
0.14761984,155.00350000,-368.52620000
0.14778368,150.65460000,-359.76740000
0.14794752,155.00350000,-372.90560000
0.14811136,155.00350000,-359.76740000
0.14827520,155.00350000,-364.14690000
0.14843904,155.00350000,-368.52620000
0.14860288,150.65460000,-364.14690000
0.14876672,155.00350000,-359.76740000
0.14893056,155.00350000,-364.14690000
0.14909440,155.00350000,-372.90560000
0.14925824,150.65460000,-368.52620000
0.14942208,150.65460000,-368.52620000
0.14958592,155.00350000,-364.14690000
0.14974976,155.00350000,-368.52620000
0.14991360,150.65460000,-372.90560000
0.15007744,155.00350000,-364.14690000
0.15024128,150.65460000,-368.52620000
0.15040512,150.65460000,-364.14690000
0.15056896,155.00350000,-368.52620000
0.15073280,155.00350000,-368.52620000
0.15089664,155.00350000,-368.52620000
0.15106048,155.00350000,-368.52620000
0.15122432,155.00350000,-377.28500000
0.15138816,155.00350000,-372.90560000
0.15155200,155.00350000,-368.52620000
0.15171584,155.00350000,-368.52620000
0.15187968,155.00350000,-368.52620000
0.15204352,150.65460000,-364.14690000
0.15220736,155.00350000,-368.52620000
0.15237120,150.65460000,-368.52620000
0.15253504,150.65460000,-364.14690000
0.15269888,155.00350000,-372.90560000
0.15286272,155.00350000,-372.90560000
0.15302656,155.00350000,-368.52620000
0.15319040,155.00350000,-372.90560000
0.15335424,155.00350000,-372.90560000
0.15351808,150.65460000,-368.52620000
0.15368192,150.65460000,-377.28500000
0.15384576,146.30570000,-372.90560000
0.15400960,155.00350000,-368.52620000
0.15417344,155.00350000,-381.66450000
0.15433728,155.00350000,-372.90560000
0.15450112,150.65460000,-381.66450000
0.15466496,155.00350000,-372.90560000
0.15482880,155.00350000,-372.90560000
0.15499264,155.00350000,-368.52620000
0.15515648,150.65460000,-372.90560000
0.15532032,150.65460000,-377.28500000
0.15548416,150.65460000,-372.90560000
0.15564800,155.00350000,-381.66450000
0.15581184,155.00350000,-377.28500000
0.15597568,155.00350000,-368.52620000
0.15613952,155.00350000,-377.28500000
0.15630336,150.65460000,-377.28500000
0.15646720,150.65460000,-377.28500000
0.15663104,150.65460000,-377.28500000
0.15679488,155.00350000,-372.90560000
0.15695872,155.00350000,-381.66450000
0.15712256,155.00350000,-377.28500000
0.15728640,155.00350000,-377.28500000
0.15745024,150.65460000,-377.28500000
0.15761408,150.65460000,-372.90560000
0.15777792,150.65460000,-377.28500000
0.15794176,150.65460000,-377.28500000
0.15810560,155.00350000,-368.52620000
0.15826944,155.00350000,-372.90560000
0.15843328,155.00350000,-377.28500000
0.15859712,155.00350000,-372.90560000
0.15876096,155.00350000,-377.28500000
0.15892480,155.00350000,-372.90560000
0.15908864,155.00350000,-372.90560000
0.15925248,155.00350000,-377.28500000
0.15941632,155.00350000,-377.28500000
0.15958016,155.00350000,-372.90560000
0.15974400,155.00350000,-377.28500000
0.15990784,155.00350000,-364.14690000
0.16007168,155.00350000,-372.90560000
0.16023552,150.65460000,-377.28500000
0.16039936,150.65460000,-372.90560000
0.16056320,155.00350000,-377.28500000
0.16072704,150.65460000,-372.90560000
0.16089088,150.65460000,-377.28500000
0.16105472,155.00350000,-372.90560000
0.16121856,155.00350000,-377.28500000
0.16138240,155.00350000,-372.90560000
0.16154624,155.00350000,-377.28500000
0.16171008,155.00350000,-368.52620000
0.16187392,155.00350000,-381.66450000
0.16203776,159.35240000,-368.52620000
0.16220160,155.00350000,-364.14690000
0.16236544,155.00350000,-364.14690000
0.16252928,155.00350000,-368.52620000
0.16269312,155.00350000,-368.52620000
0.16285696,155.00350000,-368.52620000
0.16302080,150.65460000,-372.90560000
0.16318464,150.65460000,-364.14690000
0.16334848,150.65460000,-368.52620000
0.16351232,150.65460000,-368.52620000
0.16367616,150.65460000,-368.52620000
0.16384000,150.65460000,-368.52620000
0.16400384,155.00350000,-364.14690000
0.16416768,155.00350000,-368.52620000
0.16433152,155.00350000,-364.14690000
0.16449536,155.00350000,-359.76740000
0.16465920,155.00350000,-364.14690000
0.16482304,150.65460000,-372.90560000
0.16498688,150.65460000,-355.38800000
0.16515072,155.00350000,-364.14690000
0.16531456,155.00350000,-359.76740000
0.16547840,155.00350000,-368.52620000
0.16564224,155.00350000,-368.52620000
0.16580608,155.00350000,-359.76740000
0.16596992,150.65460000,-364.14690000
0.16613376,150.65460000,-359.76740000
0.16629760,155.00350000,-359.76740000
0.16646144,155.00350000,-364.14690000
0.16662528,155.00350000,-359.76740000
0.16678912,155.00350000,-359.76740000
0.16695296,150.65460000,-355.38800000
0.16711680,155.00350000,-355.38800000
0.16728064,155.00350000,-359.76740000
0.16744448,150.65460000,-359.76740000
0.16760832,150.65460000,-359.76740000
0.16777216,150.65460000,-359.76740000
0.16793600,155.00350000,-359.76740000
0.16809984,155.00350000,-355.38800000
0.16826368,155.00350000,-355.38800000
0.16842752,155.00350000,-359.76740000
0.16859136,155.00350000,-359.76740000
0.16875520,155.00350000,-355.38800000
0.16891904,155.00350000,-355.38800000
0.16908288,150.65460000,-346.62920000
0.16924672,155.00350000,-346.62920000
0.16941056,155.00350000,-355.38800000
0.16957440,150.65460000,-355.38800000
0.16973824,150.65460000,-346.62920000
0.16990208,155.00350000,-355.38800000
0.17006592,155.00350000,-337.87040000
0.17022976,150.65460000,-342.24980000
0.17039360,155.00350000,-346.62920000
0.17055744,155.00350000,-346.62920000
0.17072128,150.65460000,-351.00860000
0.17088512,155.00350000,-342.24980000
0.17104896,155.00350000,-337.87040000
0.17121280,150.65460000,-346.62920000
0.17137664,155.00350000,-342.24980000
0.17154048,155.00350000,-342.24980000
0.17170432,155.00350000,-337.87040000
0.17186816,155.00350000,-329.12680000
0.17203200,155.00350000,-342.24980000
0.17219584,150.65460000,-337.87040000
0.17235968,155.00350000,-333.49100000
0.17252352,155.00350000,-329.12680000
0.17268736,150.65460000,-329.12680000
0.17285120,150.65460000,-333.49100000
0.17301504,150.65460000,-333.49100000
0.17317888,155.00350000,-324.74750000
0.17334272,150.65460000,-329.12680000
0.17350656,150.65460000,-333.49100000
0.17367040,155.00350000,-324.74750000
0.17383424,150.65460000,-333.49100000
0.17399808,155.00350000,-320.36800000
0.17416192,155.00350000,-324.74750000
0.17432576,155.00350000,-320.36800000
0.17448960,155.00350000,-320.36800000
0.17465344,150.65460000,-324.74750000
0.17481728,155.00350000,-320.36800000
0.17498112,150.65460000,-311.60920000
0.17514496,155.00350000,-324.74750000
0.17530880,155.00350000,-320.36800000
0.17547264,155.00350000,-311.60920000
0.17563648,150.65460000,-315.98860000
0.17580032,150.65460000,-320.36800000
0.17596416,155.00350000,-320.36800000
0.17612800,150.65460000,-302.85040000
0.17629184,150.65460000,-307.22980000
0.17645568,150.65460000,-315.98860000
0.17661952,155.00350000,-320.36800000
0.17678336,150.65460000,-307.22980000
0.17694720,155.00350000,-298.47100000
0.17711104,155.00350000,-302.85040000
0.17727488,155.00350000,-298.47100000
0.17743872,150.65460000,-302.85040000
0.17760256,155.00350000,-302.85040000
0.17776640,150.65460000,-298.47100000
0.17793024,155.00350000,-298.47100000
0.17809408,150.65460000,-294.09160000
0.17825792,155.00350000,-298.47100000
0.17842176,150.65460000,-298.47100000
0.17858560,155.00350000,-285.33280000
0.17874944,155.00350000,-289.71220000
0.17891328,150.65460000,-289.71220000
0.17907712,155.00350000,-289.71220000
0.17924096,150.65460000,-289.71220000
0.17940480,155.00350000,-289.71220000
0.17956864,150.65460000,-285.33280000
0.17973248,150.65460000,-285.33280000
0.17989632,155.00350000,-280.95340000
0.18006016,150.65460000,-285.33280000
0.18022400,155.00350000,-276.58920000
0.18038784,150.65460000,-285.33280000
0.18055168,155.00350000,-285.33280000
0.18071552,155.00350000,-285.33280000
0.18087936,155.00350000,-280.95340000
0.18104320,155.00350000,-276.58920000
0.18120704,155.00350000,-272.20980000
0.18137088,155.00350000,-267.83040000
0.18153472,155.00350000,-276.58920000
0.18169856,150.65460000,-272.20980000
0.18186240,155.00350000,-263.45100000
0.18202624,155.00350000,-263.45100000
0.18219008,155.00350000,-267.83040000
0.18235392,150.65460000,-267.83040000
0.18251776,155.00350000,-259.07160000
0.18268160,150.65460000,-263.45100000
0.18284544,155.00350000,-254.69220000
0.18300928,155.00350000,-259.07160000
0.18317312,155.00350000,-254.69220000
0.18333696,155.00350000,-254.69220000
0.18350080,155.00350000,-254.69220000
0.18366464,155.00350000,-250.31280000
0.18382848,150.65460000,-250.31280000
0.18399232,150.65460000,-254.69220000
0.18415616,155.00350000,-254.69220000
0.18432000,150.65460000,-245.93340000
0.18448384,150.65460000,-245.93340000
0.18464768,155.00350000,-241.55400000
0.18481152,155.00350000,-245.93340000
0.18497536,155.00350000,-237.17460000
0.18513920,155.00350000,-237.17460000
0.18530304,155.00350000,-241.55400000
0.18546688,155.00350000,-237.17460000
0.18563072,155.00350000,-237.17460000
0.18579456,155.00350000,-232.79520000
0.18595840,155.00350000,-237.17460000
0.18612224,150.65460000,-224.03640000
0.18628608,150.65460000,-219.67220000
0.18644992,155.00350000,-228.41580000
0.18661376,150.65460000,-228.41580000
0.18677760,155.00350000,-228.41580000
0.18694144,155.00350000,-224.03640000
0.18710528,155.00350000,-224.03640000
0.18726912,155.00350000,-224.03640000
0.18743296,155.00350000,-210.91340000
0.18759680,155.00350000,-215.29280000
0.18776064,150.65460000,-215.29280000
0.18792448,155.00350000,-215.29280000
0.18808832,155.00350000,-206.53400000
0.18825216,155.00350000,-215.29280000
0.18841600,150.65460000,-206.53400000
0.18857984,155.00350000,-206.53400000
0.18874368,150.65460000,-197.77520000
0.18890752,155.00350000,-202.15460000
0.18907136,155.00350000,-197.77520000
0.18923520,155.00350000,-197.77520000
0.18939904,155.00350000,-189.01640000
0.18956288,150.65460000,-193.39580000
0.18972672,155.00350000,-189.01640000
0.18989056,150.65460000,-189.01640000
0.19005440,150.65460000,-189.01640000
0.19021824,155.00350000,-189.01640000
0.19038208,155.00350000,-189.01640000
0.19054592,155.00350000,-184.63700000
0.19070976,155.00350000,-180.25760000
0.19087360,150.65460000,-184.63700000
0.19103744,150.65460000,-184.63700000
0.19120128,150.65460000,-180.25760000
0.19136512,155.00350000,-180.25760000
0.19152896,155.00350000,-171.49870000
0.19169280,155.00350000,-167.11930000
0.19185664,155.00350000,-175.87820000
0.19202048,155.00350000,-162.75520000
0.19218432,155.00350000,-171.49870000
0.19234816,150.65460000,-175.87820000
0.19251200,155.00350000,-167.11930000
0.19267584,150.65460000,-162.75520000
0.19283968,155.00350000,-162.75520000
0.19300352,146.30570000,-158.37580000
0.19316736,155.00350000,-158.37580000
0.19333120,150.65460000,-167.11930000
0.19349504,155.00350000,-149.61700000
0.19365888,155.00350000,-158.37580000
0.19382272,150.65460000,-149.61700000
0.19398656,155.00350000,-153.99640000
0.19415040,155.00350000,-149.61700000
0.19431424,155.00350000,-145.23760000
0.19447808,150.65460000,-145.23760000
0.19464192,155.00350000,-149.61700000
0.19480576,150.65460000,-136.47880000
0.19496960,155.00350000,-136.47880000
0.19513344,150.65460000,-136.47880000
0.19529728,155.00350000,-136.47880000
0.19546112,155.00350000,-127.72000000
0.19562496,155.00350000,-136.47880000
0.19578880,155.00350000,-127.72000000
0.19595264,155.00350000,-132.09940000
0.19611648,155.00350000,-132.09940000
0.19628032,155.00350000,-127.72000000
0.19644416,155.00350000,-118.96110000
0.19660800,150.65460000,-114.58170000
0.19677184,150.65460000,-118.96110000
0.19693568,155.00350000,-118.96110000
0.19709952,155.00350000,-123.34050000
0.19726336,155.00350000,-114.58170000
0.19742720,155.00350000,-110.20230000
0.19759104,155.00350000,-110.20230000
0.19775488,155.00350000,-110.20230000
0.19791872,155.00350000,-105.83820000
0.19808256,155.00350000,-101.45880000
0.19824640,155.00350000,-97.07938000
0.19841024,155.00350000,-92.69997000
0.19857408,155.00350000,-97.07938000
0.19873792,155.00350000,-92.69997000
0.19890176,150.65460000,-97.07938000
0.19906560,150.65460000,-92.69997000
0.19922944,150.65460000,-88.32056000
0.19939328,155.00350000,-97.07938000
0.19955712,155.00350000,-88.32056000
0.19972096,150.65460000,-83.94115000
0.19988480,150.65460000,-83.94115000
0.20004864,150.65460000,-79.56175000
0.20021248,150.65460000,-79.56175000
0.20037632,150.65460000,-75.18234000
0.20054016,155.00350000,-79.56175000
0.20070400,150.65460000,-70.80294000
0.20086784,155.00350000,-66.42353000
0.20103168,155.00350000,-75.18234000
0.20119552,155.00350000,-62.04412000
0.20135936,155.00350000,-70.80294000
0.20152320,150.65460000,-62.04412000
0.20168704,155.00350000,-57.66472000
0.20185088,155.00350000,-57.66472000
0.20201472,155.00350000,-44.54176000
0.20217856,150.65460000,-53.28531000
0.20234240,155.00350000,-53.28531000
0.20250624,155.00350000,-44.54176000
0.20267008,155.00350000,-53.28531000
0.20283392,155.00350000,-48.92117000
0.20299776,155.00350000,-48.92117000
0.20316160,150.65460000,-44.54176000
0.20332544,150.65460000,-44.54176000
0.20348928,150.65460000,-44.54176000
0.20365312,150.65460000,-40.16236000
0.20381696,150.65460000,-44.54176000
0.20398080,155.00350000,-31.40354000
0.20414464,155.00350000,-22.64473000
0.20430848,155.00350000,-31.40354000
0.20447232,155.00350000,-27.02414000
0.20463616,155.00350000,-22.64473000
0.20480000,150.65460000,-22.64473000
0.20496384,150.65460000,-18.26533000
0.20512768,155.00350000,-18.26533000
0.20529152,150.65460000,-22.64473000
0.20545536,155.00350000,-18.26533000
0.20561920,155.00350000,-18.26533000
0.20578304,155.00350000,-9.50651600
0.20594688,155.00350000,-13.88592000
0.20611072,155.00350000,-9.50651600
0.20627456,155.00350000,-5.12710900
0.20643840,150.65460000,-9.50651600
0.20660224,150.65460000,-0.74770340
0.20676608,150.65460000,-0.74770340
0.20692992,150.65460000,3.61644300
0.20709376,155.00350000,3.61644300
0.20725760,155.00350000,3.61644300
0.20742144,155.00350000,12.36000000
0.20758528,155.00350000,12.36000000
0.20774912,155.00350000,12.36000000
0.20791296,155.00350000,12.36000000
0.20807680,150.65460000,12.36000000
0.20824064,150.65460000,16.73940000
0.20840448,150.65460000,16.73940000
0.20856832,150.65460000,21.11881000
0.20873216,155.00350000,21.11881000
0.20889600,155.00350000,16.73940000
0.20905984,155.00350000,21.11881000
0.20922368,155.00350000,29.87762000
0.20938752,155.00350000,29.87762000
0.20955136,150.65460000,29.87762000
0.20971520,150.65460000,38.63643000
0.20987904,150.65460000,38.63643000
0.21004288,150.65460000,34.25703000
0.21020672,150.65460000,38.63643000
0.21037056,150.65460000,38.63643000
0.21053440,150.65460000,47.39524000
0.21069824,150.65460000,43.01583000
0.21086208,155.00350000,56.15405000
0.21102592,155.00350000,51.77465000
0.21118976,155.00350000,51.77465000
0.21135360,150.65460000,60.51820000
0.21151744,150.65460000,51.77465000
0.21168128,155.00350000,56.15405000
0.21184512,155.00350000,56.15405000
0.21200896,155.00350000,56.15405000
0.21217280,155.00350000,60.51820000
0.21233664,155.00350000,64.89761000
0.21250048,150.65460000,69.27702000
0.21266432,155.00350000,69.27702000
0.21282816,150.65460000,69.27702000
0.21299200,150.65460000,73.65642000
0.21315584,155.00350000,78.03583000
0.21331968,155.00350000,82.41523000
0.21348352,155.00350000,82.41523000
0.21364736,155.00350000,82.41523000
0.21381120,155.00350000,86.79464000
0.21397504,155.00350000,86.79464000
0.21413888,150.65460000,91.17404000
0.21430272,155.00350000,86.79464000
0.21446656,155.00350000,86.79464000
0.21463040,155.00350000,91.17404000
0.21479424,150.65460000,86.79464000
0.21495808,155.00350000,99.93285000
0.21512192,150.65460000,95.55344000
0.21528576,155.00350000,99.93285000
0.21544960,155.00350000,99.93285000
0.21561344,150.65460000,108.69170000
0.21577728,155.00350000,113.07110000
0.21594112,155.00350000,108.69170000
0.21610496,150.65460000,99.93285000
0.21626880,150.65460000,108.69170000
0.21643264,150.65460000,113.07110000
0.21659648,150.65460000,113.07110000
0.21676032,150.65460000,117.43520000
0.21692416,155.00350000,113.07110000
0.21708800,155.00350000,121.81460000
0.21725184,155.00350000,117.43520000
0.21741568,155.00350000,126.19400000
0.21757952,155.00350000,126.19400000
0.21774336,155.00350000,126.19400000
0.21790720,155.00350000,130.57340000
0.21807104,150.65460000,126.19400000
0.21823488,150.65460000,130.57340000
0.21839872,150.65460000,121.81460000
0.21856256,155.00350000,134.95280000
0.21872640,155.00350000,134.95280000
0.21889024,155.00350000,139.33220000
0.21905408,155.00350000,143.71170000
0.21921792,155.00350000,148.09100000
0.21938176,146.30570000,143.71170000
0.21954560,155.00350000,148.09100000
0.21970944,150.65460000,148.09100000
0.21987328,150.65460000,148.09100000
0.22003712,155.00350000,152.47050000
0.22020096,155.00350000,152.47050000
0.22036480,155.00350000,156.84990000
0.22052864,155.00350000,156.84990000
0.22069248,155.00350000,161.22930000
0.22085632,155.00350000,165.60870000
0.22102016,150.65460000,161.22930000
0.22118400,155.00350000,161.22930000
0.22134784,155.00350000,165.60870000
0.22151168,155.00350000,165.60870000
0.22167552,155.00350000,174.35220000
0.22183936,155.00350000,178.73160000
0.22200320,155.00350000,178.73160000
0.22216704,155.00350000,178.73160000
0.22233088,150.65460000,165.60870000
0.22249472,155.00350000,165.60870000
0.22265856,150.65460000,178.73160000
0.22282240,150.65460000,187.49040000
0.22298624,155.00350000,183.11100000
0.22315008,150.65460000,183.11100000
0.22331392,155.00350000,187.49040000
0.22347776,146.30570000,183.11100000
0.22364160,150.65460000,191.86990000
0.22380544,150.65460000,191.86990000
0.22396928,150.65460000,200.62870000
0.22413312,150.65460000,196.24930000
0.22429696,150.65460000,200.62870000
0.22446080,150.65460000,200.62870000
0.22462464,155.00350000,200.62870000
0.22478848,150.65460000,191.86990000
0.22495232,150.65460000,200.62870000
0.22511616,150.65460000,205.00810000
0.22528000,155.00350000,205.00810000
0.22544384,150.65460000,213.76690000
0.22560768,155.00350000,213.76690000
0.22577152,150.65460000,205.00810000
0.22593536,150.65460000,209.38750000
0.22609920,150.65460000,222.52570000
0.22626304,150.65460000,218.14630000
0.22642688,146.30570000,218.14630000
0.22659072,150.65460000,226.90510000
0.22675456,146.30570000,226.90510000
0.22691840,155.00350000,218.14630000
0.22708224,150.65460000,222.52570000
0.22724608,155.00350000,218.14630000
0.22740992,155.00350000,226.90510000
0.22757376,155.00350000,226.90510000
0.22773760,155.00350000,226.90510000
0.22790144,155.00350000,226.90510000
0.22806528,155.00350000,235.64870000
0.22822912,155.00350000,226.90510000
0.22839296,155.00350000,235.64870000
0.22855680,155.00350000,235.64870000
0.22872064,155.00350000,235.64870000
0.22888448,150.65460000,235.64870000
0.22904832,150.65460000,235.64870000
0.22921216,150.65460000,244.40750000
0.22937600,155.00350000,253.16630000
0.22953984,155.00350000,235.64870000
0.22970368,155.00350000,244.40750000
0.22986752,155.00350000,240.02810000
0.23003136,155.00350000,257.54570000
0.23019520,155.00350000,253.16630000
0.23035904,155.00350000,248.78690000
0.23052288,155.00350000,253.16630000
0.23068672,150.65460000,257.54570000
0.23085056,150.65460000,257.54570000
0.23101440,150.65460000,261.92510000
0.23117824,150.65460000,253.16630000
0.23134208,155.00350000,257.54570000
0.23150592,155.00350000,261.92510000
0.23166976,155.00350000,270.68390000
0.23183360,155.00350000,261.92510000
0.23199744,150.65460000,261.92510000
0.23216128,150.65460000,266.30450000
0.23232512,155.00350000,279.44270000
0.23248896,159.35240000,270.68390000
0.23265280,159.35240000,275.06330000
0.23281664,155.00350000,275.06330000
0.23298048,155.00350000,275.06330000
0.23314432,150.65460000,275.06330000
0.23330816,150.65460000,283.82210000
0.23347200,155.00350000,283.82210000
0.23363584,155.00350000,279.44270000
0.23379968,155.00350000,275.06330000
0.23396352,150.65460000,275.06330000
0.23412736,150.65460000,292.56570000
0.23429120,155.00350000,288.18630000
0.23445504,155.00350000,288.18630000
0.23461888,155.00350000,288.18630000
0.23478272,146.30570000,292.56570000
0.23494656,155.00350000,292.56570000
0.23511040,155.00350000,296.94510000
0.23527424,155.00350000,301.32450000
0.23543808,150.65460000,292.56570000
0.23560192,146.30570000,292.56570000
0.23576576,155.00350000,301.32450000
0.23592960,155.00350000,301.32450000
0.23609344,150.65460000,301.32450000
0.23625728,150.65460000,305.70390000
0.23642112,155.00350000,301.32450000
0.23658496,155.00350000,305.70390000
0.23674880,150.65460000,305.70390000
0.23691264,150.65460000,305.70390000
0.23707648,155.00350000,301.32450000
0.23724032,155.00350000,305.70390000
0.23740416,150.65460000,310.08330000
0.23756800,150.65460000,310.08330000
0.23773184,155.00350000,310.08330000
0.23789568,150.65460000,327.60090000
0.23805952,150.65460000,310.08330000
0.23822336,155.00350000,314.46270000
0.23838720,150.65460000,310.08330000
0.23855104,141.95680000,323.22150000
0.23871488,155.00350000,318.84210000
0.23887872,150.65460000,318.84210000
0.23904256,150.65460000,323.22150000
0.23920640,155.00350000,323.22150000
0.23937024,150.65460000,318.84210000
0.23953408,150.65460000,323.22150000
0.23969792,155.00350000,327.60090000
0.23986176,155.00350000,327.60090000
0.24002560,155.00350000,323.22150000
0.24018944,155.00350000,327.60090000
0.24035328,150.65460000,327.60090000
0.24051712,159.35240000,336.35970000
0.24068096,155.00350000,327.60090000
0.24084480,150.65460000,336.35970000
0.24100864,155.00350000,331.98030000
0.24117248,146.30570000,336.35970000
0.24133632,155.00350000,336.35970000
0.24150016,150.65460000,336.35970000
0.24166400,150.65460000,340.72390000
0.24182784,155.00350000,331.98030000
0.24199168,150.65460000,336.35970000
0.24215552,155.00350000,340.72390000
0.24231936,155.00350000,345.10330000
0.24248320,150.65460000,340.72390000
0.24264704,155.00350000,345.10330000
0.24281088,146.30570000,345.10330000
0.24297472,159.35240000,340.72390000
0.24313856,155.00350000,340.72390000
0.24330240,159.35240000,345.10330000
0.24346624,150.65460000,340.72390000
0.24363008,155.00350000,345.10330000
0.24379392,150.65460000,349.48270000
0.24395776,155.00350000,340.72390000
0.24412160,159.35240000,345.10330000
0.24428544,155.00350000,345.10330000
0.24444928,155.00350000,358.24150000
0.24461312,146.30570000,349.48270000
0.24477696,155.00350000,353.86210000
0.24494080,146.30570000,345.10330000
0.24510464,155.00350000,345.10330000
0.24526848,150.65460000,353.86210000
0.24543232,155.00350000,353.86210000
0.24559616,146.30570000,345.10330000
0.24576000,155.00350000,358.24150000
0.24592384,155.00350000,353.86210000
0.24608768,155.00350000,345.10330000
0.24625152,155.00350000,358.24150000
0.24641536,146.30570000,358.24150000
0.24657920,155.00350000,358.24150000
0.24674304,150.65460000,371.37970000
0.24690688,159.35240000,367.00030000
0.24707072,141.95680000,358.24150000
0.24723456,155.00350000,358.24150000
0.24739840,155.00350000,358.24150000
0.24756224,146.30570000,367.00030000
0.24772608,159.35240000,358.24150000
0.24788992,146.30570000,371.37970000
0.24805376,155.00350000,362.62090000
0.24821760,155.00350000,362.62090000
0.24838144,150.65460000,367.00030000
0.24854528,159.35240000,362.62090000
0.24870912,146.30570000,375.75910000
0.24887296,155.00350000,362.62090000
0.24903680,159.35240000,375.75910000
0.24920064,146.30570000,362.62090000
0.24936448,155.00350000,375.75910000
0.24952832,159.35240000,371.37970000
0.24969216,146.30570000,371.37970000
0.24985600,155.00350000,371.37970000
0.25001984,155.00350000,371.37970000
0.25018368,146.30570000,371.37970000
0.25034752,155.00350000,375.75910000
0.25051136,155.00350000,362.62090000
0.25067520,146.30570000,362.62090000
0.25083904,155.00350000,375.75910000
0.25100288,159.35240000,375.75910000
0.25116672,146.30570000,371.37970000
0.25133056,141.95680000,371.37970000
0.25149440,159.35240000,375.75910000
0.25165824,150.65460000,371.37970000
0.25182208,146.30570000,371.37970000
0.25198592,155.00350000,375.75910000
0.25214976,159.35240000,375.75910000
0.25231360,137.62320000,375.75910000
0.25247744,150.65460000,367.00030000
0.25264128,155.00350000,375.75910000
0.25280512,155.00350000,375.75910000
0.25296896,146.30570000,375.75910000
0.25313280,146.30570000,375.75910000
0.25329664,155.00350000,375.75910000
0.25346048,159.35240000,393.27680000
0.25362432,150.65460000,380.13850000
0.25378816,141.95680000,375.75910000
0.25395200,150.65460000,371.37970000
0.25411584,155.00350000,371.37970000
0.25427968,155.00350000,371.37970000
0.25444352,146.30570000,375.75910000
0.25460736,146.30570000,380.13850000
0.25477120,155.00350000,375.75910000
0.25493504,155.00350000,375.75910000
0.25509888,159.35240000,380.13850000
0.25526272,146.30570000,380.13850000
0.25542656,146.30570000,371.37970000
0.25559040,146.30570000,375.75910000
0.25575424,159.35240000,380.13850000
0.25591808,163.70130000,380.13850000
0.25608192,159.35240000,371.37970000
0.25624576,155.00350000,375.75910000
0.25640960,146.30570000,380.13850000
0.25657344,146.30570000,375.75910000
0.25673728,146.30570000,380.13850000
0.25690112,150.65460000,380.13850000
0.25706496,155.00350000,380.13850000
0.25722880,163.70130000,375.75910000
0.25739264,159.35240000,380.13850000
0.25755648,155.00350000,380.13850000
0.25772032,155.00350000,384.51790000
0.25788416,150.65460000,380.13850000
0.25804800,146.30570000,380.13850000
0.25821184,141.95680000,375.75910000
0.25837568,146.30570000,375.75910000
0.25853952,141.95680000,375.75910000
0.25870336,141.95680000,380.13850000
0.25886720,150.65460000,371.37970000
0.25903104,150.65460000,375.75910000
0.25919488,155.00350000,371.37970000
0.25935872,155.00350000,380.13850000
0.25952256,155.00350000,380.13850000
0.25968640,155.00350000,380.13850000
0.25985024,155.00350000,380.13850000
0.26001408,155.00350000,380.13850000
0.26017792,155.00350000,371.37970000
0.26034176,155.00350000,380.13850000
0.26050560,155.00350000,380.13850000
0.26066944,155.00350000,375.75910000
0.26083328,155.00350000,371.37970000
0.26099712,155.00350000,375.75910000
0.26116096,150.65460000,375.75910000
0.26132480,155.00350000,380.13850000
0.26148864,150.65460000,375.75910000
0.26165248,150.65460000,375.75910000
0.26181632,141.95680000,375.75910000
0.26198016,141.95680000,367.00030000
0.26214400,141.95680000,375.75910000
0.26230784,137.62320000,375.75910000
0.26247168,141.95680000,375.75910000
0.26263552,146.30570000,362.62090000
0.26279936,146.30570000,380.13850000
0.26296320,155.00350000,371.37970000
0.26312704,155.00350000,367.00030000
0.26329088,163.70130000,371.37970000
0.26345472,163.70130000,375.75910000
0.26361856,159.35240000,367.00030000
0.26378240,155.00350000,380.13850000
0.26394624,150.65460000,375.75910000
0.26411008,146.30570000,367.00030000
0.26427392,141.95680000,367.00030000
0.26443776,141.95680000,375.75910000
0.26460160,150.65460000,362.62090000
0.26476544,155.00350000,375.75910000
0.26492928,155.00350000,367.00030000
0.26509312,159.35240000,371.37970000
0.26525696,150.65460000,358.24150000
0.26542080,146.30570000,371.37970000
0.26558464,141.95680000,371.37970000
0.26574848,146.30570000,367.00030000
0.26591232,159.35240000,367.00030000
0.26607616,163.70130000,358.24150000
0.26624000,155.00350000,358.24150000
0.26640384,155.00350000,367.00030000
0.26656768,146.30570000,362.62090000
0.26673152,150.65460000,358.24150000
0.26689536,159.35240000,362.62090000
0.26705920,159.35240000,358.24150000
0.26722304,150.65460000,362.62090000
0.26738688,141.95680000,358.24150000
0.26755072,150.65460000,358.24150000
0.26771456,163.70130000,358.24150000
0.26787840,159.35240000,358.24150000
0.26804224,150.65460000,349.48270000
0.26820608,141.95680000,349.48270000
0.26836992,150.65460000,358.24150000
0.26853376,159.35240000,353.86210000
0.26869760,155.00350000,345.10330000
0.26886144,146.30570000,358.24150000
0.26902528,150.65460000,358.24150000
0.26918912,159.35240000,353.86210000
0.26935296,150.65460000,358.24150000
0.26951680,146.30570000,353.86210000
0.26968064,159.35240000,345.10330000
0.26984448,159.35240000,340.72390000
0.27000832,146.30570000,358.24150000
0.27017216,155.00350000,340.72390000
0.27033600,159.35240000,345.10330000
0.27049984,146.30570000,345.10330000
0.27066368,146.30570000,340.72390000
0.27082752,159.35240000,340.72390000
0.27099136,146.30570000,353.86210000
0.27115520,137.62320000,345.10330000
0.27131904,155.00350000,345.10330000
0.27148288,155.00350000,331.98030000
0.27164672,141.95680000,340.72390000
0.27181056,155.00350000,331.98030000
0.27197440,150.65460000,340.72390000
0.27213824,141.95680000,336.35970000
0.27230208,155.00350000,340.72390000
0.27246592,150.65460000,340.72390000
0.27262976,146.30570000,336.35970000
0.27279360,155.00350000,336.35970000
0.27295744,150.65460000,327.60090000
0.27312128,150.65460000,336.35970000
0.27328512,159.35240000,331.98030000
0.27344896,146.30570000,340.72390000
0.27361280,155.00350000,323.22150000
0.27377664,155.00350000,331.98030000
0.27394048,146.30570000,336.35970000
0.27410432,159.35240000,323.22150000
0.27426816,146.30570000,331.98030000
0.27443200,155.00350000,340.72390000
0.27459584,155.00350000,331.98030000
0.27475968,146.30570000,327.60090000
0.27492352,155.00350000,310.08330000
0.27508736,150.65460000,327.60090000
0.27525120,150.65460000,327.60090000
0.27541504,150.65460000,318.84210000
0.27557888,150.65460000,323.22150000
0.27574272,155.00350000,323.22150000
0.27590656,146.30570000,305.70390000
0.27607040,155.00350000,310.08330000
0.27623424,141.95680000,318.84210000
0.27639808,155.00350000,310.08330000
0.27656192,150.65460000,305.70390000
0.27672576,155.00350000,310.08330000
0.27688960,155.00350000,305.70390000
0.27705344,150.65460000,305.70390000
0.27721728,155.00350000,310.08330000
0.27738112,150.65460000,301.32450000
0.27754496,155.00350000,305.70390000
0.27770880,150.65460000,305.70390000
0.27787264,159.35240000,301.32450000
0.27803648,150.65460000,305.70390000
0.27820032,159.35240000,305.70390000
0.27836416,150.65460000,296.94510000
0.27852800,155.00350000,296.94510000
0.27869184,150.65460000,292.56570000
0.27885568,150.65460000,292.56570000
0.27901952,155.00350000,296.94510000
0.27918336,155.00350000,292.56570000
0.27934720,155.00350000,292.56570000
0.27951104,150.65460000,288.18630000
0.27967488,155.00350000,296.94510000
0.27983872,150.65460000,292.56570000
0.28000256,155.00350000,292.56570000
0.28016640,146.30570000,279.44270000
0.28033024,155.00350000,292.56570000
0.28049408,155.00350000,283.82210000
0.28065792,146.30570000,275.06330000
0.28082176,155.00350000,283.82210000
0.28098560,150.65460000,275.06330000
0.28114944,150.65460000,279.44270000
0.28131328,155.00350000,275.06330000
0.28147712,146.30570000,270.68390000
0.28164096,155.00350000,283.82210000
0.28180480,150.65460000,266.30450000
0.28196864,150.65460000,266.30450000
0.28213248,155.00350000,257.54570000
0.28229632,150.65460000,266.30450000
0.28246016,159.35240000,261.92510000
0.28262400,155.00350000,253.16630000
0.28278784,146.30570000,261.92510000
0.28295168,155.00350000,261.92510000
0.28311552,155.00350000,257.54570000
0.28327936,146.30570000,261.92510000
0.28344320,159.35240000,261.92510000
0.28360704,150.65460000,261.92510000
0.28377088,150.65460000,248.78690000
0.28393472,155.00350000,248.78690000
0.28409856,155.00350000,253.16630000
0.28426240,150.65460000,257.54570000
0.28442624,155.00350000,248.78690000
0.28459008,155.00350000,248.78690000
0.28475392,155.00350000,244.40750000
0.28491776,155.00350000,248.78690000
0.28508160,150.65460000,235.64870000
0.28524544,150.65460000,231.26930000
0.28540928,155.00350000,235.64870000
0.28557312,155.00350000,235.64870000
0.28573696,155.00350000,235.64870000
0.28590080,150.65460000,226.90510000
0.28606464,155.00350000,235.64870000
0.28622848,155.00350000,235.64870000
0.28639232,150.65460000,222.52570000
0.28655616,150.65460000,222.52570000
0.28672000,155.00350000,222.52570000
0.28688384,150.65460000,222.52570000
0.28704768,150.65460000,222.52570000
0.28721152,155.00350000,226.90510000
0.28737536,155.00350000,222.52570000
0.28753920,150.65460000,213.76690000
0.28770304,150.65460000,222.52570000
0.28786688,155.00350000,218.14630000
0.28803072,155.00350000,209.38750000
0.28819456,155.00350000,200.62870000
0.28835840,150.65460000,218.14630000
0.28852224,150.65460000,205.00810000
0.28868608,155.00350000,209.38750000
0.28884992,155.00350000,200.62870000
0.28901376,150.65460000,200.62870000
0.28917760,150.65460000,205.00810000
0.28934144,150.65460000,205.00810000
0.28950528,150.65460000,196.24930000
0.28966912,150.65460000,196.24930000
0.28983296,150.65460000,196.24930000
0.28999680,155.00350000,191.86990000
0.29016064,150.65460000,196.24930000
0.29032448,155.00350000,191.86990000
0.29048832,155.00350000,187.49040000
0.29065216,155.00350000,187.49040000
0.29081600,155.00350000,187.49040000
0.29097984,155.00350000,187.49040000
0.29114368,146.30570000,178.73160000
0.29130752,150.65460000,178.73160000
0.29147136,150.65460000,169.98810000
0.29163520,150.65460000,183.11100000
0.29179904,155.00350000,169.98810000
0.29196288,155.00350000,183.11100000
0.29212672,155.00350000,169.98810000
0.29229056,155.00350000,169.98810000
0.29245440,155.00350000,169.98810000
0.29261824,150.65460000,161.22930000
0.29278208,150.65460000,165.60870000
0.29294592,155.00350000,161.22930000
0.29310976,155.00350000,161.22930000
0.29327360,159.35240000,152.47050000
0.29343744,155.00350000,161.22930000
0.29360128,155.00350000,156.84990000
0.29376512,155.00350000,152.47050000
0.29392896,155.00350000,156.84990000
0.29409280,150.65460000,156.84990000
0.29425664,150.65460000,156.84990000
0.29442048,150.65460000,152.47050000
0.29458432,150.65460000,148.09100000
0.29474816,155.00350000,148.09100000
0.29491200,155.00350000,148.09100000
0.29507584,150.65460000,134.95280000
0.29523968,159.35240000,143.71170000
0.29540352,155.00350000,134.95280000
0.29556736,155.00350000,134.95280000
0.29573120,155.00350000,130.57340000
0.29589504,155.00350000,130.57340000
0.29605888,155.00350000,126.19400000
0.29622272,155.00350000,139.33220000
0.29638656,146.30570000,126.19400000
0.29655040,150.65460000,126.19400000
0.29671424,150.65460000,117.43520000
0.29687808,155.00350000,121.81460000
0.29704192,150.65460000,126.19400000
0.29720576,155.00350000,113.07110000
0.29736960,150.65460000,117.43520000
0.29753344,146.30570000,117.43520000
0.29769728,155.00350000,108.69170000
0.29786112,150.65460000,99.93285000
0.29802496,150.65460000,104.31230000
0.29818880,155.00350000,99.93285000
0.29835264,150.65460000,99.93285000
0.29851648,150.65460000,95.55344000
0.29868032,155.00350000,99.93285000
0.29884416,155.00350000,91.17404000
0.29900800,150.65460000,95.55344000
0.29917184,150.65460000,91.17404000
0.29933568,150.65460000,91.17404000
0.29949952,150.65460000,82.41523000
0.29966336,155.00350000,86.79464000
0.29982720,155.00350000,95.55344000
0.29999104,150.65460000,78.03583000
0.30015488,150.65460000,82.41523000
0.30031872,155.00350000,73.65642000
0.30048256,155.00350000,78.03583000
0.30064640,155.00350000,73.65642000
0.30081024,155.00350000,73.65642000
0.30097408,155.00350000,78.03583000
0.30113792,155.00350000,64.89761000
0.30130176,155.00350000,69.27702000
0.30146560,155.00350000,69.27702000
0.30162944,155.00350000,64.89761000
0.30179328,150.65460000,60.51820000
0.30195712,150.65460000,60.51820000
0.30212096,150.65460000,56.15405000
0.30228480,150.65460000,51.77465000
0.30244864,155.00350000,56.15405000
0.30261248,155.00350000,51.77465000
0.30277632,150.65460000,43.01583000
0.30294016,155.00350000,47.39524000
0.30310400,155.00350000,47.39524000
0.30326784,155.00350000,43.01583000
0.30343168,155.00350000,51.77465000
0.30359552,150.65460000,43.01583000
0.30375936,146.30570000,38.63643000
0.30392320,150.65460000,43.01583000
0.30408704,155.00350000,29.87762000
0.30425088,150.65460000,34.25703000
0.30441472,155.00350000,25.49821000
0.30457856,155.00350000,25.49821000
0.30474240,155.00350000,29.87762000
0.30490624,155.00350000,25.49821000
0.30507008,155.00350000,21.11881000
0.30523392,155.00350000,25.49821000
0.30539776,150.65460000,25.49821000
0.30556160,150.65460000,16.73940000
0.30572544,146.30570000,16.73940000
0.30588928,146.30570000,12.36000000
0.30605312,150.65460000,12.36000000
0.30621696,155.00350000,7.98059000
0.30638080,150.65460000,12.36000000
0.30654464,155.00350000,3.61644300
0.30670848,155.00350000,7.98059000
0.30687232,155.00350000,-0.74770340
0.30703616,155.00350000,-0.74770340
0.30720000,155.00350000,7.98059000
0.30736384,155.00350000,3.61644300
0.30752768,150.65460000,-5.12710900
0.30769152,150.65460000,-5.12710900
0.30785536,155.00350000,-9.50651600
0.30801920,150.65460000,-18.26533000
0.30818304,150.65460000,-9.50651600
0.30834688,155.00350000,-18.26533000
0.30851072,155.00350000,-18.26533000
0.30867456,155.00350000,-18.26533000
0.30883840,155.00350000,-18.26533000
0.30900224,159.35240000,-22.64473000
0.30916608,155.00350000,-27.02414000
0.30932992,150.65460000,-27.02414000
0.30949376,155.00350000,-27.02414000
0.30965760,155.00350000,-40.16236000
0.30982144,150.65460000,-40.16236000
0.30998528,150.65460000,-31.40354000
0.31014912,150.65460000,-31.40354000
0.31031296,150.65460000,-40.16236000
0.31047680,150.65460000,-44.54176000
0.31064064,150.65460000,-31.40354000
0.31080448,155.00350000,-53.28531000
0.31096832,155.00350000,-53.28531000
0.31113216,150.65460000,-44.54176000
0.31129600,150.65460000,-48.92117000
0.31145984,155.00350000,-62.04412000
0.31162368,150.65460000,-53.28531000
0.31178752,155.00350000,-57.66472000
0.31195136,155.00350000,-62.04412000
0.31211520,155.00350000,-57.66472000
0.31227904,155.00350000,-62.04412000
0.31244288,155.00350000,-62.04412000
0.31260672,150.65460000,-66.42353000
0.31277056,155.00350000,-66.42353000
0.31293440,150.65460000,-75.18234000
0.31309824,150.65460000,-75.18234000
0.31326208,150.65460000,-79.56175000
0.31342592,150.65460000,-75.18234000
0.31358976,155.00350000,-70.80294000
0.31375360,155.00350000,-83.94115000
0.31391744,155.00350000,-79.56175000
0.31408128,155.00350000,-79.56175000
0.31424512,150.65460000,-88.32056000
0.31440896,155.00350000,-88.32056000
0.31457280,155.00350000,-92.69997000
0.31473664,155.00350000,-92.69997000
0.31490048,155.00350000,-88.32056000
0.31506432,150.65460000,-88.32056000
0.31522816,155.00350000,-92.69997000
0.31539200,150.65460000,-92.69997000
0.31555584,150.65460000,-110.20230000
0.31571968,155.00350000,-110.20230000
0.31588352,150.65460000,-110.20230000
0.31604736,155.00350000,-101.45880000
0.31621120,155.00350000,-97.07938000
0.31637504,150.65460000,-110.20230000
0.31653888,150.65460000,-114.58170000
0.31670272,155.00350000,-114.58170000
0.31686656,150.65460000,-118.96110000
0.31703040,150.65460000,-118.96110000
0.31719424,155.00350000,-114.58170000
0.31735808,155.00350000,-118.96110000
0.31752192,155.00350000,-123.34050000
0.31768576,155.00350000,-123.34050000
0.31784960,150.65460000,-132.09940000
0.31801344,155.00350000,-127.72000000
0.31817728,155.00350000,-127.72000000
0.31834112,150.65460000,-127.72000000
0.31850496,150.65460000,-140.85820000
0.31866880,150.65460000,-132.09940000
0.31883264,150.65460000,-136.47880000
0.31899648,155.00350000,-140.85820000
0.31916032,150.65460000,-132.09940000
0.31932416,155.00350000,-145.23760000
0.31948800,155.00350000,-149.61700000
0.31965184,155.00350000,-149.61700000
0.31981568,155.00350000,-149.61700000
0.31997952,155.00350000,-149.61700000
0.32014336,155.00350000,-145.23760000
0.32030720,150.65460000,-153.99640000
0.32047104,150.65460000,-158.37580000
0.32063488,150.65460000,-158.37580000
0.32079872,155.00350000,-158.37580000
0.32096256,155.00350000,-158.37580000
0.32112640,155.00350000,-158.37580000
0.32129024,155.00350000,-158.37580000
0.32145408,155.00350000,-167.11930000
0.32161792,155.00350000,-171.49870000
0.32178176,155.00350000,-175.87820000
0.32194560,150.65460000,-175.87820000
0.32210944,150.65460000,-171.49870000
0.32227328,150.65460000,-180.25760000
0.32243712,150.65460000,-171.49870000
0.32260096,150.65460000,-180.25760000
0.32276480,155.00350000,-184.63700000
0.32292864,150.65460000,-184.63700000
0.32309248,150.65460000,-184.63700000
0.32325632,150.65460000,-184.63700000
0.32342016,150.65460000,-184.63700000
0.32358400,150.65460000,-189.01640000
0.32374784,155.00350000,-193.39580000
0.32391168,155.00350000,-197.77520000
0.32407552,155.00350000,-202.15460000
0.32423936,155.00350000,-193.39580000
0.32440320,155.00350000,-193.39580000
0.32456704,155.00350000,-197.77520000
0.32473088,150.65460000,-197.77520000
0.32489472,150.65460000,-193.39580000
0.32505856,150.65460000,-197.77520000
0.32522240,155.00350000,-206.53400000
0.32538624,150.65460000,-197.77520000
0.32555008,150.65460000,-206.53400000
0.32571392,150.65460000,-210.91340000
0.32587776,155.00350000,-215.29280000
0.32604160,150.65460000,-215.29280000
0.32620544,150.65460000,-215.29280000
0.32636928,150.65460000,-219.67220000
0.32653312,150.65460000,-219.67220000
0.32669696,150.65460000,-215.29280000
0.32686080,155.00350000,-224.03640000
0.32702464,155.00350000,-219.67220000
0.32718848,155.00350000,-219.67220000
0.32735232,155.00350000,-228.41580000
0.32751616,150.65460000,-228.41580000
0.32768000,150.65460000,-232.79520000
0.32784384,150.65460000,-232.79520000
0.32800768,150.65460000,-228.41580000
0.32817152,155.00350000,-232.79520000
0.32833536,150.65460000,-237.17460000
0.32849920,150.65460000,-232.79520000
0.32866304,150.65460000,-237.17460000
0.32882688,150.65460000,-237.17460000
0.32899072,150.65460000,-245.93340000
0.32915456,150.65460000,-250.31280000
0.32931840,155.00350000,-241.55400000
0.32948224,155.00350000,-250.31280000
0.32964608,155.00350000,-250.31280000
0.32980992,155.00350000,-250.31280000
0.32997376,150.65460000,-254.69220000
0.33013760,155.00350000,-250.31280000
0.33030144,155.00350000,-254.69220000
0.33046528,155.00350000,-245.93340000
0.33062912,155.00350000,-254.69220000
0.33079296,150.65460000,-254.69220000
0.33095680,150.65460000,-254.69220000
0.33112064,150.65460000,-259.07160000
0.33128448,150.65460000,-254.69220000
0.33144832,155.00350000,-267.83040000
0.33161216,155.00350000,-267.83040000
0.33177600,155.00350000,-259.07160000
0.33193984,155.00350000,-272.20980000
0.33210368,155.00350000,-259.07160000
0.33226752,150.65460000,-267.83040000
0.33243136,150.65460000,-267.83040000
0.33259520,150.65460000,-267.83040000
0.33275904,155.00350000,-272.20980000
0.33292288,150.65460000,-267.83040000
0.33308672,155.00350000,-276.58920000
0.33325056,150.65460000,-276.58920000
0.33341440,155.00350000,-280.95340000
0.33357824,155.00350000,-276.58920000
0.33374208,155.00350000,-276.58920000
0.33390592,150.65460000,-276.58920000
0.33406976,155.00350000,-285.33280000
0.33423360,155.00350000,-289.71220000
0.33439744,155.00350000,-289.71220000
0.33456128,155.00350000,-285.33280000
0.33472512,150.65460000,-294.09160000
0.33488896,141.95680000,-285.33280000
0.33505280,155.00350000,-289.71220000
0.33521664,155.00350000,-289.71220000
0.33538048,155.00350000,-298.47100000
0.33554432,155.00350000,-289.71220000
0.33570816,155.00350000,-294.09160000
0.33587200,150.65460000,-289.71220000
0.33603584,155.00350000,-298.47100000
0.33619968,155.00350000,-302.85040000
0.33636352,150.65460000,-298.47100000
0.33652736,155.00350000,-298.47100000
0.33669120,155.00350000,-307.22980000
0.33685504,155.00350000,-307.22980000
0.33701888,150.65460000,-298.47100000
0.33718272,155.00350000,-307.22980000
0.33734656,155.00350000,-307.22980000
0.33751040,155.00350000,-311.60920000
0.33767424,150.65460000,-307.22980000
0.33783808,150.65460000,-315.98860000
0.33800192,150.65460000,-315.98860000
0.33816576,155.00350000,-324.74750000
0.33832960,155.00350000,-320.36800000
0.33849344,155.00350000,-315.98860000
0.33865728,155.00350000,-311.60920000
0.33882112,155.00350000,-320.36800000
0.33898496,150.65460000,-320.36800000
0.33914880,150.65460000,-315.98860000
0.33931264,155.00350000,-320.36800000
0.33947648,155.00350000,-329.12680000
0.33964032,155.00350000,-320.36800000
0.33980416,155.00350000,-329.12680000
0.33996800,155.00350000,-324.74750000
0.34013184,150.65460000,-320.36800000
0.34029568,155.00350000,-324.74750000
0.34045952,155.00350000,-333.49100000
0.34062336,150.65460000,-324.74750000
0.34078720,155.00350000,-337.87040000
0.34095104,155.00350000,-337.87040000
0.34111488,150.65460000,-333.49100000
0.34127872,155.00350000,-337.87040000
0.34144256,155.00350000,-329.12680000
0.34160640,155.00350000,-333.49100000
0.34177024,150.65460000,-329.12680000
0.34193408,150.65460000,-337.87040000
0.34209792,155.00350000,-337.87040000
0.34226176,155.00350000,-333.49100000
0.34242560,150.65460000,-329.12680000
0.34258944,155.00350000,-337.87040000
0.34275328,155.00350000,-337.87040000
0.34291712,150.65460000,-337.87040000
0.34308096,155.00350000,-346.62920000
0.34324480,150.65460000,-342.24980000
0.34340864,155.00350000,-342.24980000
0.34357248,150.65460000,-342.24980000
0.34373632,155.00350000,-342.24980000
0.34390016,150.65460000,-355.38800000
0.34406400,155.00350000,-346.62920000
0.34422784,150.65460000,-342.24980000
0.34439168,150.65460000,-346.62920000
0.34455552,150.65460000,-342.24980000
0.34471936,155.00350000,-346.62920000
0.34488320,155.00350000,-346.62920000
0.34504704,150.65460000,-342.24980000
0.34521088,155.00350000,-355.38800000
0.34537472,150.65460000,-355.38800000
0.34553856,155.00350000,-355.38800000
0.34570240,150.65460000,-351.00860000
0.34586624,155.00350000,-355.38800000
0.34603008,150.65460000,-359.76740000
0.34619392,150.65460000,-355.38800000
0.34635776,150.65460000,-355.38800000
0.34652160,155.00350000,-359.76740000
0.34668544,150.65460000,-364.14690000
0.34684928,155.00350000,-364.14690000
0.34701312,150.65460000,-359.76740000
0.34717696,150.65460000,-355.38800000
0.34734080,150.65460000,-364.14690000
0.34750464,150.65460000,-359.76740000
0.34766848,155.00350000,-364.14690000
0.34783232,150.65460000,-364.14690000
0.34799616,155.00350000,-359.76740000
0.34816000,150.65460000,-359.76740000
0.34832384,155.00350000,-359.76740000
0.34848768,155.00350000,-364.14690000
0.34865152,150.65460000,-359.76740000
0.34881536,155.00350000,-359.76740000
0.34897920,150.65460000,-377.28500000
0.34914304,155.00350000,-368.52620000
0.34930688,155.00350000,-372.90560000
0.34947072,155.00350000,-364.14690000
0.34963456,155.00350000,-368.52620000
0.34979840,150.65460000,-359.76740000
0.34996224,155.00350000,-368.52620000
0.35012608,155.00350000,-368.52620000
0.35028992,155.00350000,-368.52620000
0.35045376,155.00350000,-364.14690000
0.35061760,155.00350000,-372.90560000
0.35078144,155.00350000,-372.90560000
0.35094528,155.00350000,-368.52620000
0.35110912,155.00350000,-372.90560000
0.35127296,150.65460000,-364.14690000
0.35143680,150.65460000,-377.28500000
0.35160064,155.00350000,-368.52620000
0.35176448,150.65460000,-364.14690000
0.35192832,155.00350000,-368.52620000
0.35209216,155.00350000,-377.28500000
0.35225600,150.65460000,-368.52620000
0.35241984,146.30570000,-372.90560000
0.35258368,155.00350000,-368.52620000
0.35274752,155.00350000,-364.14690000
0.35291136,150.65460000,-368.52620000
0.35307520,150.65460000,-372.90560000
0.35323904,155.00350000,-377.28500000
0.35340288,155.00350000,-372.90560000
0.35356672,155.00350000,-372.90560000
0.35373056,155.00350000,-372.90560000
0.35389440,155.00350000,-377.28500000
0.35405824,155.00350000,-364.14690000
0.35422208,155.00350000,-381.66450000
0.35438592,150.65460000,-372.90560000
0.35454976,150.65460000,-372.90560000
0.35471360,155.00350000,-368.52620000
0.35487744,155.00350000,-368.52620000
0.35504128,150.65460000,-377.28500000
0.35520512,150.65460000,-377.28500000
0.35536896,150.65460000,-377.28500000
0.35553280,155.00350000,-372.90560000
0.35569664,155.00350000,-372.90560000
0.35586048,155.00350000,-377.28500000
0.35602432,155.00350000,-377.28500000
0.35618816,150.65460000,-381.66450000
0.35635200,150.65460000,-372.90560000
0.35651584,155.00350000,-377.28500000
0.35667968,150.65460000,-377.28500000
0.35684352,155.00350000,-377.28500000
0.35700736,155.00350000,-377.28500000
0.35717120,150.65460000,-377.28500000
0.35733504,155.00350000,-377.28500000
0.35749888,150.65460000,-377.28500000
0.35766272,150.65460000,-381.66450000
0.35782656,150.65460000,-381.66450000
0.35799040,155.00350000,-372.90560000
0.35815424,155.00350000,-381.66450000
0.35831808,155.00350000,-372.90560000
0.35848192,155.00350000,-372.90560000
0.35864576,155.00350000,-372.90560000
0.35880960,155.00350000,-377.28500000
0.35897344,155.00350000,-377.28500000
0.35913728,155.00350000,-372.90560000
0.35930112,150.65460000,-372.90560000
0.35946496,150.65460000,-377.28500000
0.35962880,150.65460000,-372.90560000
0.35979264,150.65460000,-372.90560000
0.35995648,150.65460000,-372.90560000
0.36012032,150.65460000,-372.90560000
0.36028416,150.65460000,-377.28500000
0.36044800,150.65460000,-377.28500000
0.36061184,150.65460000,-368.52620000
0.36077568,150.65460000,-368.52620000
0.36093952,150.65460000,-372.90560000
0.36110336,150.65460000,-368.52620000
0.36126720,150.65460000,-368.52620000
0.36143104,155.00350000,-368.52620000
0.36159488,150.65460000,-372.90560000
0.36175872,150.65460000,-368.52620000
0.36192256,150.65460000,-368.52620000
0.36208640,155.00350000,-368.52620000
0.36225024,155.00350000,-381.66450000
0.36241408,155.00350000,-368.52620000
0.36257792,155.00350000,-372.90560000
0.36274176,155.00350000,-368.52620000
0.36290560,155.00350000,-372.90560000
0.36306944,155.00350000,-372.90560000
0.36323328,150.65460000,-368.52620000
0.36339712,150.65460000,-368.52620000
0.36356096,150.65460000,-368.52620000
0.36372480,150.65460000,-377.28500000
0.36388864,150.65460000,-368.52620000
0.36405248,155.00350000,-368.52620000
0.36421632,155.00350000,-368.52620000
0.36438016,155.00350000,-364.14690000
0.36454400,155.00350000,-364.14690000
0.36470784,155.00350000,-368.52620000
0.36487168,150.65460000,-364.14690000
0.36503552,150.65460000,-364.14690000
0.36519936,150.65460000,-368.52620000
0.36536320,150.65460000,-368.52620000
0.36552704,155.00350000,-359.76740000
0.36569088,155.00350000,-364.14690000
0.36585472,150.65460000,-355.38800000
0.36601856,155.00350000,-359.76740000
0.36618240,150.65460000,-364.14690000
0.36634624,150.65460000,-368.52620000
0.36651008,155.00350000,-364.14690000
0.36667392,155.00350000,-359.76740000
0.36683776,155.00350000,-359.76740000
0.36700160,150.65460000,-359.76740000
0.36716544,150.65460000,-359.76740000
0.36732928,155.00350000,-355.38800000
0.36749312,155.00350000,-355.38800000
0.36765696,150.65460000,-359.76740000
0.36782080,150.65460000,-355.38800000
0.36798464,155.00350000,-355.38800000
0.36814848,155.00350000,-351.00860000
0.36831232,155.00350000,-359.76740000
0.36847616,150.65460000,-359.76740000
0.36864000,155.00350000,-355.38800000
0.36880384,155.00350000,-355.38800000
0.36896768,155.00350000,-355.38800000
0.36913152,150.65460000,-355.38800000
0.36929536,150.65460000,-355.38800000
0.36945920,155.00350000,-355.38800000
0.36962304,150.65460000,-346.62920000
0.36978688,150.65460000,-342.24980000
0.36995072,155.00350000,-351.00860000
0.37011456,155.00350000,-346.62920000
0.37027840,155.00350000,-342.24980000
0.37044224,150.65460000,-342.24980000
0.37060608,155.00350000,-342.24980000
0.37076992,150.65460000,-337.87040000
0.37093376,155.00350000,-346.62920000
0.37109760,155.00350000,-337.87040000
0.37126144,150.65460000,-346.62920000
0.37142528,155.00350000,-337.87040000
0.37158912,150.65460000,-337.87040000
0.37175296,150.65460000,-329.12680000
0.37191680,155.00350000,-342.24980000
0.37208064,150.65460000,-333.49100000
0.37224448,155.00350000,-333.49100000
0.37240832,155.00350000,-333.49100000
0.37257216,150.65460000,-333.49100000
0.37273600,155.00350000,-337.87040000
0.37289984,155.00350000,-337.87040000
0.37306368,150.65460000,-333.49100000
0.37322752,155.00350000,-324.74750000
0.37339136,150.65460000,-324.74750000
0.37355520,150.65460000,-333.49100000
0.37371904,155.00350000,-333.49100000
0.37388288,155.00350000,-329.12680000
0.37404672,155.00350000,-329.12680000
0.37421056,150.65460000,-320.36800000
0.37437440,150.65460000,-324.74750000
0.37453824,150.65460000,-324.74750000
0.37470208,150.65460000,-320.36800000
0.37486592,155.00350000,-320.36800000
0.37502976,155.00350000,-324.74750000
0.37519360,150.65460000,-320.36800000
0.37535744,155.00350000,-315.98860000
0.37552128,155.00350000,-320.36800000
0.37568512,155.00350000,-320.36800000
0.37584896,150.65460000,-307.22980000
0.37601280,155.00350000,-307.22980000
0.37617664,155.00350000,-315.98860000
0.37634048,155.00350000,-307.22980000
0.37650432,155.00350000,-307.22980000
0.37666816,155.00350000,-302.85040000
0.37683200,155.00350000,-302.85040000
0.37699584,155.00350000,-307.22980000
0.37715968,155.00350000,-307.22980000
0.37732352,150.65460000,-307.22980000
0.37748736,150.65460000,-311.60920000
0.37765120,150.65460000,-298.47100000
0.37781504,155.00350000,-298.47100000
0.37797888,155.00350000,-294.09160000
0.37814272,150.65460000,-298.47100000
0.37830656,155.00350000,-294.09160000
0.37847040,150.65460000,-298.47100000
0.37863424,155.00350000,-289.71220000
0.37879808,155.00350000,-294.09160000
0.37896192,155.00350000,-294.09160000
0.37912576,155.00350000,-294.09160000
0.37928960,150.65460000,-289.71220000
0.37945344,150.65460000,-294.09160000
0.37961728,150.65460000,-289.71220000
0.37978112,155.00350000,-285.33280000
0.37994496,150.65460000,-285.33280000
0.38010880,155.00350000,-280.95340000
0.38027264,155.00350000,-280.95340000
0.38043648,150.65460000,-285.33280000
0.38060032,155.00350000,-276.58920000
0.38076416,150.65460000,-276.58920000
0.38092800,155.00350000,-276.58920000
0.38109184,155.00350000,-272.20980000
0.38125568,155.00350000,-276.58920000
0.38141952,150.65460000,-267.83040000
0.38158336,155.00350000,-267.83040000
0.38174720,155.00350000,-267.83040000
0.38191104,155.00350000,-263.45100000
0.38207488,155.00350000,-267.83040000
0.38223872,155.00350000,-272.20980000
0.38240256,150.65460000,-267.83040000
0.38256640,155.00350000,-254.69220000
0.38273024,155.00350000,-259.07160000
0.38289408,155.00350000,-254.69220000
0.38305792,155.00350000,-254.69220000
0.38322176,150.65460000,-254.69220000
0.38338560,150.65460000,-259.07160000
0.38354944,155.00350000,-254.69220000
0.38371328,155.00350000,-245.93340000
0.38387712,150.65460000,-241.55400000
0.38404096,155.00350000,-250.31280000
0.38420480,155.00350000,-245.93340000
0.38436864,150.65460000,-250.31280000
0.38453248,155.00350000,-245.93340000
0.38469632,155.00350000,-241.55400000
0.38486016,150.65460000,-232.79520000
0.38502400,150.65460000,-241.55400000
0.38518784,155.00350000,-232.79520000
0.38535168,155.00350000,-245.93340000
0.38551552,150.65460000,-237.17460000
0.38567936,155.00350000,-228.41580000
0.38584320,155.00350000,-228.41580000
0.38600704,155.00350000,-232.79520000
0.38617088,155.00350000,-232.79520000
0.38633472,155.00350000,-228.41580000
0.38649856,155.00350000,-219.67220000
0.38666240,155.00350000,-228.41580000
0.38682624,150.65460000,-219.67220000
0.38699008,155.00350000,-219.67220000
0.38715392,155.00350000,-219.67220000
0.38731776,155.00350000,-215.29280000
0.38748160,150.65460000,-219.67220000
0.38764544,155.00350000,-210.91340000
0.38780928,150.65460000,-215.29280000
0.38797312,150.65460000,-215.29280000
0.38813696,150.65460000,-206.53400000
0.38830080,150.65460000,-206.53400000
0.38846464,150.65460000,-215.29280000
0.38862848,155.00350000,-206.53400000
0.38879232,150.65460000,-215.29280000
0.38895616,150.65460000,-202.15460000
0.38912000,150.65460000,-193.39580000
0.38928384,150.65460000,-206.53400000
0.38944768,155.00350000,-202.15460000
0.38961152,155.00350000,-193.39580000
0.38977536,150.65460000,-197.77520000
0.38993920,155.00350000,-189.01640000
0.39010304,150.65460000,-189.01640000
0.39026688,155.00350000,-193.39580000
0.39043072,155.00350000,-189.01640000
0.39059456,155.00350000,-193.39580000
0.39075840,155.00350000,-184.63700000
0.39092224,155.00350000,-184.63700000
0.39108608,155.00350000,-180.25760000
0.39124992,155.00350000,-175.87820000
0.39141376,150.65460000,-180.25760000
0.39157760,150.65460000,-175.87820000
0.39174144,150.65460000,-180.25760000
0.39190528,150.65460000,-184.63700000
0.39206912,150.65460000,-175.87820000
0.39223296,155.00350000,-167.11930000
0.39239680,155.00350000,-162.75520000
0.39256064,155.00350000,-162.75520000
0.39272448,155.00350000,-167.11930000
0.39288832,155.00350000,-167.11930000
0.39305216,155.00350000,-158.37580000
0.39321600,150.65460000,-167.11930000
0.39337984,155.00350000,-162.75520000
0.39354368,150.65460000,-158.37580000
0.39370752,150.65460000,-149.61700000
0.39387136,150.65460000,-153.99640000
0.39403520,150.65460000,-158.37580000
0.39419904,150.65460000,-149.61700000
0.39436288,150.65460000,-145.23760000
0.39452672,150.65460000,-145.23760000
0.39469056,155.00350000,-145.23760000
0.39485440,150.65460000,-145.23760000
0.39501824,155.00350000,-140.85820000
0.39518208,150.65460000,-140.85820000
0.39534592,155.00350000,-127.72000000
0.39550976,150.65460000,-140.85820000
0.39567360,155.00350000,-132.09940000
0.39583744,155.00350000,-127.72000000
0.39600128,155.00350000,-127.72000000
0.39616512,155.00350000,-114.58170000
0.39632896,155.00350000,-114.58170000
0.39649280,155.00350000,-123.34050000
0.39665664,155.00350000,-118.96110000
0.39682048,155.00350000,-114.58170000
0.39698432,155.00350000,-110.20230000
0.39714816,155.00350000,-114.58170000
0.39731200,155.00350000,-105.83820000
0.39747584,155.00350000,-110.20230000
0.39763968,155.00350000,-110.20230000
0.39780352,155.00350000,-101.45880000
0.39796736,155.00350000,-97.07938000
0.39813120,150.65460000,-97.07938000
0.39829504,150.65460000,-110.20230000
0.39845888,150.65460000,-92.69997000
0.39862272,150.65460000,-97.07938000
0.39878656,150.65460000,-92.69997000
0.39895040,150.65460000,-92.69997000
0.39911424,150.65460000,-92.69997000
0.39927808,155.00350000,-88.32056000
0.39944192,155.00350000,-79.56175000
0.39960576,155.00350000,-92.69997000
0.39976960,155.00350000,-79.56175000
0.39993344,150.65460000,-79.56175000
0.40009728,155.00350000,-88.32056000
0.40026112,155.00350000,-79.56175000
0.40042496,150.65460000,-83.94115000
0.40058880,155.00350000,-75.18234000
0.40075264,150.65460000,-75.18234000
0.40091648,150.65460000,-66.42353000
0.40108032,150.65460000,-62.04412000
0.40124416,155.00350000,-66.42353000
0.40140800,150.65460000,-66.42353000
0.40157184,150.65460000,-66.42353000
0.40173568,150.65460000,-62.04412000
0.40189952,150.65460000,-53.28531000
0.40206336,155.00350000,-57.66472000
0.40222720,155.00350000,-48.92117000
0.40239104,150.65460000,-53.28531000
0.40255488,155.00350000,-53.28531000
0.40271872,150.65460000,-44.54176000
0.40288256,150.65460000,-44.54176000
0.40304640,146.30570000,-40.16236000
0.40321024,150.65460000,-44.54176000
0.40337408,150.65460000,-44.54176000
0.40353792,155.00350000,-48.92117000
0.40370176,150.65460000,-35.78295000
0.40386560,155.00350000,-40.16236000
0.40402944,155.00350000,-31.40354000
0.40419328,155.00350000,-27.02414000
0.40435712,155.00350000,-27.02414000
0.40452096,155.00350000,-27.02414000
0.40468480,155.00350000,-35.78295000
0.40484864,150.65460000,-27.02414000
0.40501248,155.00350000,-27.02414000
0.40517632,150.65460000,-27.02414000
0.40534016,150.65460000,-22.64473000
0.40550400,155.00350000,-13.88592000
0.40566784,150.65460000,-18.26533000
0.40583168,155.00350000,-18.26533000
0.40599552,150.65460000,-13.88592000
0.40615936,155.00350000,-5.12710900
0.40632320,155.00350000,-5.12710900
0.40648704,150.65460000,-13.88592000
0.40665088,155.00350000,3.61644300
0.40681472,155.00350000,-0.74770340
0.40697856,150.65460000,7.98059000
0.40714240,150.65460000,7.98059000
0.40730624,155.00350000,-0.74770340
0.40747008,155.00350000,12.36000000
0.40763392,150.65460000,12.36000000
0.40779776,155.00350000,12.36000000
0.40796160,155.00350000,12.36000000
0.40812544,150.65460000,7.98059000
0.40828928,150.65460000,16.73940000
0.40845312,150.65460000,16.73940000
0.40861696,150.65460000,21.11881000
0.40878080,155.00350000,25.49821000
0.40894464,155.00350000,21.11881000
0.40910848,155.00350000,25.49821000
0.40927232,155.00350000,29.87762000
0.40943616,150.65460000,29.87762000
0.40960000,150.65460000,34.25703000
0.40976384,146.30570000,34.25703000
0.40992768,155.00350000,34.25703000
0.41009152,155.00350000,38.63643000
0.41025536,155.00350000,47.39524000
0.41041920,155.00350000,43.01583000
0.41058304,155.00350000,51.77465000
0.41074688,150.65460000,43.01583000
0.41091072,150.65460000,43.01583000
0.41107456,150.65460000,47.39524000
0.41123840,150.65460000,56.15405000
0.41140224,150.65460000,51.77465000
0.41156608,150.65460000,56.15405000
0.41172992,155.00350000,56.15405000
0.41189376,155.00350000,56.15405000
0.41205760,155.00350000,64.89761000
0.41222144,155.00350000,60.51820000
0.41238528,150.65460000,64.89761000
0.41254912,155.00350000,64.89761000
0.41271296,150.65460000,64.89761000
0.41287680,150.65460000,69.27702000
0.41304064,155.00350000,78.03583000
0.41320448,150.65460000,73.65642000
0.41336832,155.00350000,78.03583000
0.41353216,150.65460000,73.65642000
0.41369600,150.65460000,82.41523000
0.41385984,150.65460000,78.03583000
0.41402368,150.65460000,82.41523000
0.41418752,155.00350000,86.79464000
0.41435136,155.00350000,91.17404000
0.41451520,155.00350000,86.79464000
0.41467904,155.00350000,99.93285000
0.41484288,150.65460000,95.55344000
0.41500672,150.65460000,95.55344000
0.41517056,150.65460000,95.55344000
0.41533440,155.00350000,95.55344000
0.41549824,150.65460000,108.69170000
0.41566208,155.00350000,99.93285000
0.41582592,155.00350000,104.31230000
0.41598976,150.65460000,99.93285000
0.41615360,155.00350000,113.07110000
0.41631744,150.65460000,113.07110000
0.41648128,150.65460000,117.43520000
0.41664512,150.65460000,117.43520000
0.41680896,155.00350000,126.19400000
0.41697280,155.00350000,121.81460000
0.41713664,155.00350000,117.43520000
0.41730048,155.00350000,130.57340000
0.41746432,155.00350000,126.19400000
0.41762816,146.30570000,117.43520000
0.41779200,150.65460000,126.19400000
0.41795584,155.00350000,126.19400000
0.41811968,155.00350000,130.57340000
0.41828352,155.00350000,143.71170000
0.41844736,155.00350000,143.71170000
0.41861120,155.00350000,134.95280000
0.41877504,155.00350000,130.57340000
0.41893888,155.00350000,139.33220000
0.41910272,155.00350000,143.71170000
0.41926656,150.65460000,139.33220000
0.41943040,150.65460000,139.33220000
0.41959424,155.00350000,148.09100000
0.41975808,150.65460000,148.09100000
0.41992192,150.65460000,152.47050000
0.42008576,150.65460000,148.09100000
0.42024960,150.65460000,161.22930000
0.42041344,150.65460000,156.84990000
0.42057728,150.65460000,161.22930000
0.42074112,155.00350000,152.47050000
0.42090496,155.00350000,161.22930000
0.42106880,155.00350000,165.60870000
0.42123264,155.00350000,165.60870000
0.42139648,155.00350000,165.60870000
0.42156032,155.00350000,165.60870000
0.42172416,155.00350000,165.60870000
0.42188800,155.00350000,169.98810000
0.42205184,155.00350000,178.73160000
0.42221568,150.65460000,169.98810000
0.42237952,155.00350000,178.73160000
0.42254336,155.00350000,178.73160000
0.42270720,155.00350000,183.11100000
0.42287104,150.65460000,178.73160000
0.42303488,150.65460000,178.73160000
0.42319872,146.30570000,187.49040000
0.42336256,150.65460000,196.24930000
0.42352640,150.65460000,191.86990000
0.42369024,155.00350000,196.24930000
0.42385408,150.65460000,196.24930000
0.42401792,150.65460000,200.62870000
0.42418176,150.65460000,196.24930000
0.42434560,150.65460000,200.62870000
0.42450944,150.65460000,200.62870000
0.42467328,150.65460000,200.62870000
0.42483712,150.65460000,196.24930000
0.42500096,150.65460000,200.62870000
0.42516480,146.30570000,205.00810000
0.42532864,150.65460000,205.00810000
0.42549248,150.65460000,205.00810000
0.42565632,146.30570000,218.14630000
0.42582016,146.30570000,209.38750000
0.42598400,146.30570000,209.38750000
0.42614784,146.30570000,213.76690000
0.42631168,150.65460000,218.14630000
0.42647552,146.30570000,218.14630000
0.42663936,150.65460000,218.14630000
0.42680320,150.65460000,226.90510000
0.42696704,150.65460000,222.52570000
0.42713088,150.65460000,222.52570000
0.42729472,150.65460000,218.14630000
0.42745856,155.00350000,231.26930000
0.42762240,155.00350000,222.52570000
0.42778624,155.00350000,226.90510000
0.42795008,155.00350000,222.52570000
0.42811392,155.00350000,226.90510000
0.42827776,150.65460000,231.26930000
0.42844160,150.65460000,235.64870000
0.42860544,150.65460000,235.64870000
0.42876928,150.65460000,240.02810000
0.42893312,155.00350000,240.02810000
0.42909696,155.00350000,240.02810000
0.42926080,150.65460000,240.02810000
0.42942464,146.30570000,248.78690000
0.42958848,150.65460000,248.78690000
0.42975232,155.00350000,248.78690000
0.42991616,155.00350000,248.78690000
0.43008000,155.00350000,253.16630000
0.43024384,155.00350000,257.54570000
0.43040768,150.65460000,248.78690000
0.43057152,150.65460000,261.92510000
0.43073536,146.30570000,261.92510000
0.43089920,150.65460000,261.92510000
0.43106304,155.00350000,270.68390000
0.43122688,155.00350000,253.16630000
0.43139072,155.00350000,261.92510000
0.43155456,155.00350000,261.92510000
0.43171840,150.65460000,266.30450000
0.43188224,146.30570000,270.68390000
0.43204608,146.30570000,261.92510000
0.43220992,155.00350000,275.06330000
0.43237376,159.35240000,270.68390000
0.43253760,159.35240000,275.06330000
0.43270144,155.00350000,266.30450000
0.43286528,155.00350000,283.82210000
0.43302912,146.30570000,275.06330000
0.43319296,150.65460000,275.06330000
0.43335680,150.65460000,270.68390000
0.43352064,155.00350000,275.06330000
0.43368448,150.65460000,275.06330000
0.43384832,150.65460000,288.18630000
0.43401216,150.65460000,292.56570000
0.43417600,155.00350000,292.56570000
0.43433984,159.35240000,288.18630000
0.43450368,155.00350000,292.56570000
0.43466752,146.30570000,292.56570000
0.43483136,150.65460000,292.56570000
0.43499520,150.65460000,292.56570000
0.43515904,155.00350000,305.70390000
0.43532288,150.65460000,296.94510000
0.43548672,146.30570000,301.32450000
0.43565056,155.00350000,296.94510000
0.43581440,155.00350000,292.56570000
0.43597824,150.65460000,301.32450000
0.43614208,146.30570000,292.56570000
0.43630592,150.65460000,301.32450000
0.43646976,159.35240000,305.70390000
0.43663360,150.65460000,296.94510000
0.43679744,146.30570000,310.08330000
0.43696128,155.00350000,301.32450000
0.43712512,155.00350000,301.32450000
0.43728896,146.30570000,305.70390000
0.43745280,159.35240000,314.46270000
0.43761664,155.00350000,314.46270000
0.43778048,150.65460000,310.08330000
0.43794432,150.65460000,310.08330000
0.43810816,159.35240000,301.32450000
0.43827200,146.30570000,318.84210000
0.43843584,146.30570000,314.46270000
0.43859968,159.35240000,323.22150000
0.43876352,150.65460000,314.46270000
0.43892736,146.30570000,323.22150000
0.43909120,155.00350000,314.46270000
0.43925504,141.95680000,318.84210000
0.43941888,141.95680000,318.84210000
0.43958272,159.35240000,323.22150000
0.43974656,150.65460000,323.22150000
0.43991040,155.00350000,327.60090000
0.44007424,159.35240000,327.60090000
0.44023808,141.95680000,327.60090000
0.44040192,155.00350000,331.98030000
0.44056576,155.00350000,327.60090000
0.44072960,137.62320000,331.98030000
0.44089344,155.00350000,331.98030000
0.44105728,150.65460000,331.98030000
0.44122112,150.65460000,331.98030000
0.44138496,159.35240000,336.35970000
0.44154880,146.30570000,340.72390000
0.44171264,155.00350000,331.98030000
0.44187648,155.00350000,340.72390000
0.44204032,150.65460000,340.72390000
0.44220416,159.35240000,340.72390000
0.44236800,146.30570000,340.72390000
0.44253184,159.35240000,340.72390000
0.44269568,155.00350000,340.72390000
0.44285952,146.30570000,345.10330000
0.44302336,155.00350000,340.72390000
0.44318720,146.30570000,340.72390000
0.44335104,159.35240000,340.72390000
0.44351488,146.30570000,349.48270000
0.44367872,155.00350000,349.48270000
0.44384256,146.30570000,345.10330000
0.44400640,159.35240000,345.10330000
0.44417024,150.65460000,340.72390000
0.44433408,159.35240000,340.72390000
0.44449792,146.30570000,345.10330000
0.44466176,163.70130000,340.72390000
0.44482560,146.30570000,349.48270000
0.44498944,163.70130000,358.24150000
0.44515328,141.95680000,349.48270000
0.44531712,159.35240000,340.72390000
0.44548096,141.95680000,353.86210000
0.44564480,159.35240000,345.10330000
0.44580864,146.30570000,358.24150000
0.44597248,155.00350000,345.10330000
0.44613632,155.00350000,353.86210000
0.44630016,150.65460000,358.24150000
0.44646400,159.35240000,358.24150000
0.44662784,141.95680000,358.24150000
0.44679168,159.35240000,358.24150000
0.44695552,141.95680000,362.62090000
0.44711936,150.65460000,358.24150000
0.44728320,155.00350000,362.62090000
0.44744704,146.30570000,362.62090000
0.44761088,163.70130000,353.86210000
0.44777472,146.30570000,367.00030000
0.44793856,155.00350000,362.62090000
0.44810240,159.35240000,367.00030000
0.44826624,141.95680000,362.62090000
0.44843008,163.70130000,371.37970000
0.44859392,146.30570000,371.37970000
0.44875776,150.65460000,367.00030000
0.44892160,159.35240000,367.00030000
0.44908544,141.95680000,375.75910000
0.44924928,159.35240000,367.00030000
0.44941312,155.00350000,362.62090000
0.44957696,141.95680000,362.62090000
0.44974080,163.70130000,367.00030000
0.44990464,146.30570000,367.00030000
0.45006848,146.30570000,367.00030000
0.45023232,168.05020000,371.37970000
0.45039616,150.65460000,371.37970000
0.45056000,150.65460000,371.37970000
0.45072384,163.70130000,380.13850000
0.45088768,141.95680000,367.00030000
0.45105152,146.30570000,375.75910000
0.45121536,163.70130000,375.75910000
0.45137920,150.65460000,371.37970000
0.45154304,137.62320000,371.37970000
0.45170688,159.35240000,371.37970000
0.45187072,159.35240000,375.75910000
0.45203456,141.95680000,371.37970000
0.45219840,150.65460000,375.75910000
0.45236224,168.05020000,375.75910000
0.45252608,155.00350000,375.75910000
0.45268992,137.62320000,375.75910000
0.45285376,150.65460000,375.75910000
0.45301760,163.70130000,375.75910000
0.45318144,155.00350000,380.13850000
0.45334528,146.30570000,375.75910000
0.45350912,141.95680000,375.75910000
0.45367296,163.70130000,375.75910000
0.45383680,168.05020000,371.37970000
0.45400064,150.65460000,371.37970000
0.45416448,141.95680000,375.75910000
0.45432832,141.95680000,380.13850000
0.45449216,155.00350000,375.75910000
0.45465600,163.70130000,375.75910000
0.45481984,159.35240000,375.75910000
0.45498368,150.65460000,375.75910000
0.45514752,141.95680000,371.37970000
0.45531136,141.95680000,375.75910000
0.45547520,150.65460000,380.13850000
0.45563904,163.70130000,380.13850000
0.45580288,168.05020000,375.75910000
0.45596672,163.70130000,380.13850000
0.45613056,155.00350000,384.51790000
0.45629440,146.30570000,375.75910000
0.45645824,137.62320000,371.37970000
0.45662208,146.30570000,375.75910000
0.45678592,155.00350000,375.75910000
0.45694976,163.70130000,375.75910000
0.45711360,168.05020000,384.51790000
0.45727744,168.05020000,375.75910000
0.45744128,163.70130000,380.13850000
0.45760512,155.00350000,380.13850000
0.45776896,146.30570000,375.75910000
0.45793280,141.95680000,375.75910000
0.45809664,137.62320000,375.75910000
0.45826048,137.62320000,375.75910000
0.45842432,141.95680000,375.75910000
0.45858816,146.30570000,375.75910000
0.45875200,155.00350000,380.13850000
0.45891584,155.00350000,380.13850000
0.45907968,159.35240000,380.13850000
0.45924352,163.70130000,380.13850000
0.45940736,163.70130000,375.75910000
0.45957120,168.05020000,371.37970000
0.45973504,168.05020000,384.51790000
0.45989888,168.05020000,375.75910000
0.46006272,168.05020000,371.37970000
0.46022656,163.70130000,375.75910000
0.46039040,159.35240000,375.75910000
0.46055424,168.05020000,380.13850000
0.46071808,163.70130000,380.13850000
0.46088192,159.35240000,375.75910000
0.46104576,163.70130000,375.75910000
0.46120960,159.35240000,367.00030000
0.46137344,163.70130000,367.00030000
0.46153728,163.70130000,375.75910000
0.46170112,163.70130000,375.75910000
0.46186496,163.70130000,375.75910000
0.46202880,159.35240000,375.75910000
0.46219264,155.00350000,375.75910000
0.46235648,155.00350000,375.75910000
0.46252032,150.65460000,380.13850000
0.46268416,146.30570000,380.13850000
0.46284800,141.95680000,367.00030000
0.46301184,137.62320000,367.00030000
0.46317568,146.30570000,362.62090000
0.46333952,155.00350000,375.75910000
0.46350336,159.35240000,375.75910000
0.46366720,163.70130000,367.00030000
0.46383104,159.35240000,375.75910000
0.46399488,159.35240000,367.00030000
0.46415872,150.65460000,367.00030000
0.46432256,141.95680000,375.75910000
0.46448640,146.30570000,367.00030000
0.46465024,150.65460000,375.75910000
0.46481408,163.70130000,367.00030000
0.46497792,168.05020000,367.00030000
0.46514176,163.70130000,367.00030000
0.46530560,155.00350000,371.37970000
0.46546944,141.95680000,362.62090000
0.46563328,141.95680000,362.62090000
0.46579712,155.00350000,362.62090000
0.46596096,155.00350000,362.62090000
0.46612480,163.70130000,362.62090000
0.46628864,155.00350000,362.62090000
0.46645248,146.30570000,358.24150000
0.46661632,146.30570000,362.62090000
0.46678016,150.65460000,362.62090000
0.46694400,159.35240000,358.24150000
0.46710784,155.00350000,367.00030000
0.46727168,146.30570000,362.62090000
0.46743552,141.95680000,358.24150000
0.46759936,146.30570000,358.24150000
0.46776320,159.35240000,362.62090000
0.46792704,155.00350000,358.24150000
0.46809088,146.30570000,353.86210000
0.46825472,141.95680000,353.86210000
0.46841856,150.65460000,353.86210000
0.46858240,159.35240000,353.86210000
0.46874624,155.00350000,362.62090000
0.46891008,146.30570000,353.86210000
0.46907392,150.65460000,353.86210000
0.46923776,163.70130000,353.86210000
0.46940160,150.65460000,353.86210000
0.46956544,137.62320000,353.86210000
0.46972928,150.65460000,349.48270000
0.46989312,163.70130000,345.10330000
0.47005696,146.30570000,345.10330000
0.47022080,155.00350000,340.72390000
0.47038464,159.35240000,353.86210000
0.47054848,155.00350000,345.10330000
0.47071232,141.95680000,345.10330000
0.47087616,155.00350000,345.10330000
0.47104000,155.00350000,345.10330000
0.47120384,137.62320000,336.35970000
0.47136768,155.00350000,340.72390000
0.47153152,155.00350000,336.35970000
0.47169536,141.95680000,345.10330000
0.47185920,155.00350000,345.10330000
0.47202304,155.00350000,340.72390000
0.47218688,141.95680000,336.35970000
0.47235072,163.70130000,331.98030000
0.47251456,150.65460000,345.10330000
0.47267840,146.30570000,336.35970000
0.47284224,159.35240000,340.72390000
0.47300608,146.30570000,331.98030000
0.47316992,155.00350000,336.35970000
0.47333376,155.00350000,327.60090000
0.47349760,141.95680000,336.35970000
0.47366144,159.35240000,331.98030000
0.47382528,155.00350000,331.98030000
0.47398912,155.00350000,331.98030000
0.47415296,155.00350000,327.60090000
0.47431680,141.95680000,327.60090000
0.47448064,159.35240000,327.60090000
0.47464448,150.65460000,323.22150000
0.47480832,146.30570000,327.60090000
0.47497216,155.00350000,323.22150000
0.47513600,137.62320000,318.84210000
0.47529984,155.00350000,318.84210000
0.47546368,150.65460000,318.84210000
0.47562752,155.00350000,305.70390000
0.47579136,155.00350000,318.84210000
0.47595520,146.30570000,305.70390000
0.47611904,159.35240000,323.22150000
0.47628288,150.65460000,323.22150000
0.47644672,159.35240000,310.08330000
0.47661056,150.65460000,305.70390000
0.47677440,155.00350000,305.70390000
0.47693824,150.65460000,310.08330000
0.47710208,150.65460000,305.70390000
0.47726592,155.00350000,305.70390000
0.47742976,150.65460000,305.70390000
0.47759360,155.00350000,305.70390000
0.47775744,150.65460000,296.94510000
0.47792128,155.00350000,305.70390000
0.47808512,146.30570000,305.70390000
0.47824896,155.00350000,305.70390000
0.47841280,150.65460000,296.94510000
0.47857664,155.00350000,292.56570000
0.47874048,155.00350000,301.32450000
0.47890432,150.65460000,292.56570000
0.47906816,150.65460000,288.18630000
0.47923200,150.65460000,292.56570000
0.47939584,155.00350000,292.56570000
0.47955968,150.65460000,292.56570000
0.47972352,159.35240000,283.82210000
0.47988736,155.00350000,288.18630000
0.48005120,155.00350000,288.18630000
0.48021504,155.00350000,292.56570000
0.48037888,150.65460000,288.18630000
0.48054272,155.00350000,283.82210000
0.48070656,146.30570000,283.82210000
0.48087040,155.00350000,288.18630000
0.48103424,155.00350000,275.06330000
0.48119808,150.65460000,270.68390000
0.48136192,159.35240000,275.06330000
0.48152576,146.30570000,275.06330000
0.48168960,150.65460000,270.68390000
0.48185344,155.00350000,270.68390000
0.48201728,150.65460000,266.30450000
0.48218112,155.00350000,266.30450000
0.48234496,155.00350000,266.30450000
0.48250880,146.30570000,261.92510000
0.48267264,155.00350000,261.92510000
0.48283648,155.00350000,270.68390000
0.48300032,150.65460000,257.54570000
0.48316416,155.00350000,261.92510000
0.48332800,150.65460000,261.92510000
0.48349184,155.00350000,257.54570000
0.48365568,159.35240000,257.54570000
0.48381952,150.65460000,253.16630000
0.48398336,155.00350000,253.16630000
0.48414720,155.00350000,248.78690000
0.48431104,146.30570000,248.78690000
0.48447488,155.00350000,244.40750000
0.48463872,155.00350000,231.26930000
0.48480256,150.65460000,240.02810000
0.48496640,155.00350000,240.02810000
0.48513024,155.00350000,240.02810000
0.48529408,150.65460000,244.40750000
0.48545792,155.00350000,240.02810000
0.48562176,150.65460000,226.90510000
0.48578560,150.65460000,231.26930000
0.48594944,155.00350000,235.64870000
0.48611328,159.35240000,226.90510000
0.48627712,155.00350000,231.26930000
0.48644096,150.65460000,226.90510000
0.48660480,155.00350000,226.90510000
0.48676864,155.00350000,222.52570000
0.48693248,150.65460000,231.26930000
0.48709632,150.65460000,222.52570000
0.48726016,155.00350000,226.90510000
0.48742400,155.00350000,226.90510000
0.48758784,150.65460000,226.90510000
0.48775168,146.30570000,222.52570000
0.48791552,159.35240000,218.14630000
0.48807936,159.35240000,205.00810000
0.48824320,155.00350000,218.14630000
0.48840704,150.65460000,226.90510000
0.48857088,146.30570000,205.00810000
0.48873472,150.65460000,205.00810000
0.48889856,155.00350000,200.62870000
0.48906240,155.00350000,200.62870000
0.48922624,155.00350000,200.62870000
0.48939008,150.65460000,200.62870000
0.48955392,150.65460000,200.62870000
0.48971776,155.00350000,200.62870000
0.48988160,155.00350000,196.24930000
0.49004544,155.00350000,191.86990000
0.49020928,155.00350000,191.86990000
0.49037312,150.65460000,191.86990000
0.49053696,146.30570000,191.86990000
0.49070080,146.30570000,183.11100000
0.49086464,155.00350000,187.49040000
0.49102848,155.00350000,191.86990000
0.49119232,155.00350000,169.98810000
0.49135616,155.00350000,174.35220000
0.49152000,155.00350000,178.73160000
0.49168384,150.65460000,178.73160000
0.49184768,150.65460000,174.35220000
0.49201152,150.65460000,169.98810000
0.49217536,155.00350000,165.60870000
0.49233920,150.65460000,165.60870000
0.49250304,155.00350000,165.60870000
0.49266688,155.00350000,165.60870000
0.49283072,155.00350000,161.22930000
0.49299456,146.30570000,165.60870000
0.49315840,146.30570000,165.60870000
0.49332224,150.65460000,161.22930000
0.49348608,155.00350000,165.60870000
0.49364992,155.00350000,161.22930000
0.49381376,159.35240000,152.47050000
0.49397760,155.00350000,156.84990000
0.49414144,155.00350000,156.84990000
0.49430528,155.00350000,148.09100000
0.49446912,150.65460000,148.09100000
0.49463296,150.65460000,152.47050000
0.49479680,146.30570000,143.71170000
0.49496064,150.65460000,134.95280000
0.49512448,150.65460000,130.57340000
0.49528832,155.00350000,148.09100000
0.49545216,155.00350000,134.95280000
0.49561600,155.00350000,126.19400000
0.49577984,155.00350000,134.95280000
0.49594368,150.65460000,130.57340000
0.49610752,150.65460000,130.57340000
0.49627136,150.65460000,126.19400000
0.49643520,155.00350000,121.81460000
0.49659904,155.00350000,121.81460000
0.49676288,150.65460000,121.81460000
0.49692672,150.65460000,121.81460000
0.49709056,150.65460000,117.43520000
0.49725440,155.00350000,113.07110000
0.49741824,150.65460000,104.31230000
0.49758208,155.00350000,117.43520000
0.49774592,155.00350000,104.31230000
0.49790976,155.00350000,113.07110000
0.49807360,150.65460000,104.31230000
0.49823744,155.00350000,104.31230000
0.49840128,155.00350000,99.93285000
0.49856512,155.00350000,99.93285000
0.49872896,155.00350000,95.55344000
0.49889280,155.00350000,99.93285000
0.49905664,155.00350000,91.17404000
0.49922048,155.00350000,91.17404000
0.49938432,155.00350000,86.79464000
0.49954816,155.00350000,86.79464000
0.49971200,155.00350000,86.79464000
0.49987584,155.00350000,86.79464000
0.50003968,150.65460000,86.79464000
0.50020352,150.65460000,82.41523000
0.50036736,150.65460000,73.65642000
0.50053120,150.65460000,82.41523000
0.50069504,150.65460000,78.03583000
0.50085888,150.65460000,73.65642000
0.50102272,150.65460000,78.03583000
0.50118656,155.00350000,69.27702000
0.50135040,150.65460000,64.89761000
0.50151424,150.65460000,60.51820000
0.50167808,155.00350000,64.89761000
0.50184192,155.00350000,60.51820000
0.50200576,155.00350000,64.89761000
0.50216960,155.00350000,56.15405000
0.50233344,159.35240000,60.51820000
0.50249728,155.00350000,51.77465000
0.50266112,159.35240000,56.15405000
0.50282496,155.00350000,47.39524000
0.50298880,150.65460000,56.15405000
0.50315264,150.65460000,43.01583000
0.50331648,155.00350000,47.39524000
0.50348032,150.65460000,43.01583000
0.50364416,150.65460000,43.01583000
0.50380800,150.65460000,38.63643000
0.50397184,155.00350000,38.63643000
0.50413568,150.65460000,34.25703000
0.50429952,155.00350000,34.25703000
0.50446336,155.00350000,25.49821000
0.50462720,155.00350000,29.87762000
0.50479104,155.00350000,25.49821000
0.50495488,155.00350000,25.49821000
0.50511872,155.00350000,25.49821000
0.50528256,155.00350000,21.11881000
0.50544640,150.65460000,21.11881000
0.50561024,150.65460000,21.11881000
0.50577408,150.65460000,12.36000000
0.50593792,146.30570000,12.36000000
0.50610176,150.65460000,3.61644300
0.50626560,150.65460000,12.36000000
0.50642944,155.00350000,16.73940000
0.50659328,155.00350000,-5.12710900
0.50675712,159.35240000,12.36000000
0.50692096,155.00350000,7.98059000
0.50708480,159.35240000,7.98059000
0.50724864,150.65460000,-5.12710900
0.50741248,150.65460000,-9.50651600
0.50757632,155.00350000,-5.12710900
0.50774016,150.65460000,-5.12710900
0.50790400,155.00350000,-13.88592000
0.50806784,150.65460000,-22.64473000
0.50823168,150.65460000,-9.50651600
0.50839552,155.00350000,-18.26533000
0.50855936,150.65460000,-18.26533000
0.50872320,155.00350000,-18.26533000
0.50888704,155.00350000,-22.64473000
0.50905088,150.65460000,-18.26533000
0.50921472,150.65460000,-27.02414000
0.50937856,150.65460000,-22.64473000
0.50954240,155.00350000,-27.02414000
0.50970624,155.00350000,-31.40354000
0.50987008,150.65460000,-40.16236000
0.51003392,155.00350000,-31.40354000
0.51019776,155.00350000,-40.16236000
0.51036160,155.00350000,-40.16236000
0.51052544,159.35240000,-40.16236000
0.51068928,155.00350000,-44.54176000
0.51085312,155.00350000,-48.92117000
0.51101696,155.00350000,-44.54176000
0.51118080,155.00350000,-48.92117000
0.51134464,150.65460000,-53.28531000
0.51150848,150.65460000,-53.28531000
0.51167232,150.65460000,-53.28531000
0.51183616,150.65460000,-57.66472000
0.51200000,155.00350000,-62.04412000
0.51216384,155.00350000,-62.04412000
0.51232768,155.00350000,-62.04412000
0.51249152,155.00350000,-70.80294000
0.51265536,155.00350000,-70.80294000
0.51281920,150.65460000,-75.18234000
0.51298304,155.00350000,-75.18234000
0.51314688,155.00350000,-66.42353000
0.51331072,150.65460000,-75.18234000
0.51347456,155.00350000,-75.18234000
0.51363840,150.65460000,-79.56175000
0.51380224,155.00350000,-83.94115000
0.51396608,155.00350000,-79.56175000
0.51412992,155.00350000,-79.56175000
0.51429376,155.00350000,-88.32056000
0.51445760,150.65460000,-83.94115000
0.51462144,155.00350000,-88.32056000
0.51478528,150.65460000,-83.94115000
0.51494912,155.00350000,-92.69997000
0.51511296,155.00350000,-97.07938000
0.51527680,155.00350000,-92.69997000
0.51544064,155.00350000,-92.69997000
0.51560448,155.00350000,-101.45880000
0.51576832,150.65460000,-97.07938000
0.51593216,155.00350000,-110.20230000
0.51609600,155.00350000,-110.20230000
0.51625984,155.00350000,-114.58170000
0.51642368,155.00350000,-105.83820000
0.51658752,155.00350000,-114.58170000
0.51675136,155.00350000,-114.58170000
0.51691520,155.00350000,-118.96110000
0.51707904,155.00350000,-114.58170000
0.51724288,150.65460000,-114.58170000
0.51740672,155.00350000,-118.96110000
0.51757056,155.00350000,-123.34050000
0.51773440,155.00350000,-123.34050000
0.51789824,155.00350000,-127.72000000
0.51806208,155.00350000,-127.72000000
0.51822592,150.65460000,-127.72000000
0.51838976,150.65460000,-132.09940000
0.51855360,155.00350000,-132.09940000
0.51871744,150.65460000,-132.09940000
0.51888128,150.65460000,-140.85820000
0.51904512,155.00350000,-145.23760000
0.51920896,150.65460000,-140.85820000
0.51937280,155.00350000,-145.23760000
0.51953664,155.00350000,-145.23760000
0.51970048,155.00350000,-149.61700000
0.51986432,155.00350000,-149.61700000
0.52002816,155.00350000,-149.61700000
0.52019200,155.00350000,-145.23760000
0.52035584,155.00350000,-149.61700000
0.52051968,155.00350000,-158.37580000
0.52068352,155.00350000,-153.99640000
0.52084736,150.65460000,-158.37580000
0.52101120,150.65460000,-158.37580000
0.52117504,150.65460000,-167.11930000
0.52133888,150.65460000,-167.11930000
0.52150272,146.30570000,-167.11930000
0.52166656,155.00350000,-167.11930000
0.52183040,155.00350000,-171.49870000
0.52199424,155.00350000,-171.49870000
0.52215808,155.00350000,-180.25760000
0.52232192,155.00350000,-171.49870000
0.52248576,155.00350000,-171.49870000
0.52264960,150.65460000,-184.63700000
0.52281344,155.00350000,-184.63700000
0.52297728,155.00350000,-175.87820000
0.52314112,155.00350000,-184.63700000
0.52330496,155.00350000,-197.77520000
0.52346880,150.65460000,-189.01640000
0.52363264,150.65460000,-189.01640000
0.52379648,150.65460000,-184.63700000
0.52396032,150.65460000,-193.39580000
0.52412416,155.00350000,-197.77520000
0.52428800,150.65460000,-193.39580000
0.52445184,150.65460000,-202.15460000
0.52461568,150.65460000,-197.77520000
0.52477952,155.00350000,-202.15460000
0.52494336,150.65460000,-202.15460000
0.52510720,155.00350000,-202.15460000
0.52527104,155.00350000,-215.29280000
0.52543488,155.00350000,-206.53400000
0.52559872,155.00350000,-202.15460000
0.52576256,155.00350000,-210.91340000
0.52592640,155.00350000,-215.29280000
0.52609024,150.65460000,-206.53400000
0.52625408,155.00350000,-215.29280000
0.52641792,159.35240000,-219.67220000
0.52658176,155.00350000,-219.67220000
0.52674560,155.00350000,-224.03640000
0.52690944,155.00350000,-224.03640000
0.52707328,155.00350000,-224.03640000
0.52723712,155.00350000,-224.03640000
0.52740096,155.00350000,-228.41580000
0.52756480,155.00350000,-232.79520000
0.52772864,155.00350000,-228.41580000
0.52789248,155.00350000,-228.41580000
0.52805632,155.00350000,-228.41580000
0.52822016,155.00350000,-232.79520000
0.52838400,155.00350000,-237.17460000
0.52854784,155.00350000,-228.41580000
0.52871168,155.00350000,-237.17460000
0.52887552,150.65460000,-237.17460000
0.52903936,155.00350000,-241.55400000
0.52920320,155.00350000,-237.17460000
0.52936704,150.65460000,-250.31280000
0.52953088,150.65460000,-237.17460000
0.52969472,150.65460000,-250.31280000
0.52985856,150.65460000,-254.69220000
0.53002240,150.65460000,-245.93340000
0.53018624,155.00350000,-254.69220000
0.53035008,155.00350000,-254.69220000
0.53051392,155.00350000,-250.31280000
0.53067776,155.00350000,-254.69220000
0.53084160,150.65460000,-267.83040000
0.53100544,155.00350000,-250.31280000
0.53116928,150.65460000,-250.31280000
0.53133312,150.65460000,-254.69220000
0.53149696,150.65460000,-254.69220000
0.53166080,150.65460000,-259.07160000
0.53182464,150.65460000,-263.45100000
0.53198848,155.00350000,-263.45100000
0.53215232,155.00350000,-272.20980000
0.53231616,155.00350000,-263.45100000
0.53248000,155.00350000,-267.83040000
0.53264384,150.65460000,-267.83040000
0.53280768,150.65460000,-276.58920000
0.53297152,155.00350000,-276.58920000
0.53313536,150.65460000,-276.58920000
0.53329920,155.00350000,-285.33280000
0.53346304,155.00350000,-280.95340000
0.53362688,155.00350000,-285.33280000
0.53379072,155.00350000,-276.58920000
0.53395456,150.65460000,-280.95340000
0.53411840,150.65460000,-289.71220000
0.53428224,150.65460000,-285.33280000
0.53444608,150.65460000,-285.33280000
0.53460992,155.00350000,-289.71220000
0.53477376,155.00350000,-289.71220000
0.53493760,155.00350000,-289.71220000
0.53510144,150.65460000,-298.47100000
0.53526528,150.65460000,-289.71220000
0.53542912,155.00350000,-302.85040000
0.53559296,155.00350000,-294.09160000
0.53575680,155.00350000,-298.47100000
0.53592064,150.65460000,-294.09160000
0.53608448,146.30570000,-302.85040000
0.53624832,155.00350000,-298.47100000
0.53641216,155.00350000,-298.47100000
0.53657600,150.65460000,-311.60920000
0.53673984,150.65460000,-307.22980000
0.53690368,155.00350000,-302.85040000
0.53706752,155.00350000,-307.22980000
0.53723136,155.00350000,-302.85040000
0.53739520,150.65460000,-311.60920000
0.53755904,155.00350000,-311.60920000
0.53772288,155.00350000,-311.60920000
0.53788672,150.65460000,-311.60920000
0.53805056,155.00350000,-311.60920000
0.53821440,155.00350000,-307.22980000
0.53837824,150.65460000,-324.74750000
0.53854208,150.65460000,-320.36800000
0.53870592,155.00350000,-307.22980000
0.53886976,155.00350000,-311.60920000
0.53903360,150.65460000,-324.74750000
0.53919744,155.00350000,-324.74750000
0.53936128,155.00350000,-315.98860000
0.53952512,150.65460000,-324.74750000
0.53968896,155.00350000,-320.36800000
0.53985280,155.00350000,-329.12680000
0.54001664,155.00350000,-324.74750000
0.54018048,150.65460000,-324.74750000
0.54034432,155.00350000,-324.74750000
0.54050816,150.65460000,-324.74750000
0.54067200,150.65460000,-324.74750000
0.54083584,155.00350000,-324.74750000
0.54099968,155.00350000,-329.12680000
0.54116352,155.00350000,-324.74750000
0.54132736,155.00350000,-333.49100000
0.54149120,150.65460000,-329.12680000
0.54165504,155.00350000,-333.49100000
0.54181888,155.00350000,-337.87040000
0.54198272,150.65460000,-333.49100000
0.54214656,155.00350000,-337.87040000
0.54231040,155.00350000,-346.62920000
0.54247424,150.65460000,-337.87040000
0.54263808,155.00350000,-346.62920000
0.54280192,155.00350000,-342.24980000
0.54296576,155.00350000,-342.24980000
0.54312960,155.00350000,-342.24980000
0.54329344,150.65460000,-342.24980000
0.54345728,155.00350000,-342.24980000
0.54362112,150.65460000,-346.62920000
0.54378496,155.00350000,-337.87040000
0.54394880,155.00350000,-351.00860000
0.54411264,155.00350000,-355.38800000
0.54427648,155.00350000,-346.62920000
0.54444032,150.65460000,-342.24980000
0.54460416,155.00350000,-346.62920000
0.54476800,150.65460000,-337.87040000
0.54493184,155.00350000,-355.38800000
0.54509568,150.65460000,-359.76740000
0.54525952,155.00350000,-355.38800000
0.54542336,150.65460000,-355.38800000
0.54558720,155.00350000,-346.62920000
0.54575104,155.00350000,-346.62920000
0.54591488,155.00350000,-351.00860000
0.54607872,150.65460000,-355.38800000
0.54624256,155.00350000,-355.38800000
0.54640640,155.00350000,-351.00860000
0.54657024,155.00350000,-364.14690000
0.54673408,150.65460000,-355.38800000
0.54689792,155.00350000,-355.38800000
0.54706176,155.00350000,-359.76740000
0.54722560,155.00350000,-359.76740000
0.54738944,155.00350000,-359.76740000
0.54755328,150.65460000,-355.38800000
0.54771712,155.00350000,-364.14690000
0.54788096,155.00350000,-359.76740000
0.54804480,150.65460000,-368.52620000
0.54820864,155.00350000,-368.52620000
0.54837248,150.65460000,-359.76740000
0.54853632,155.00350000,-359.76740000
0.54870016,150.65460000,-359.76740000
0.54886400,155.00350000,-368.52620000
0.54902784,155.00350000,-364.14690000
0.54919168,150.65460000,-368.52620000
0.54935552,155.00350000,-368.52620000
0.54951936,150.65460000,-368.52620000
0.54968320,150.65460000,-368.52620000
0.54984704,155.00350000,-368.52620000
0.55001088,150.65460000,-368.52620000
0.55017472,155.00350000,-368.52620000
0.55033856,150.65460000,-368.52620000
0.55050240,150.65460000,-355.38800000
0.55066624,155.00350000,-368.52620000
0.55083008,150.65460000,-368.52620000
0.55099392,155.00350000,-372.90560000
0.55115776,155.00350000,-377.28500000
0.55132160,150.65460000,-364.14690000
0.55148544,155.00350000,-364.14690000
0.55164928,155.00350000,-368.52620000
0.55181312,150.65460000,-368.52620000
0.55197696,155.00350000,-377.28500000
0.55214080,155.00350000,-368.52620000
0.55230464,150.65460000,-364.14690000
0.55246848,155.00350000,-372.90560000
0.55263232,155.00350000,-377.28500000
0.55279616,155.00350000,-368.52620000
0.55296000,150.65460000,-372.90560000
0.55312384,155.00350000,-372.90560000
0.55328768,155.00350000,-368.52620000
0.55345152,155.00350000,-368.52620000
0.55361536,150.65460000,-372.90560000
0.55377920,155.00350000,-368.52620000
0.55394304,155.00350000,-368.52620000
0.55410688,155.00350000,-377.28500000
0.55427072,150.65460000,-368.52620000
0.55443456,150.65460000,-377.28500000
0.55459840,155.00350000,-377.28500000
0.55476224,155.00350000,-368.52620000
0.55492608,155.00350000,-372.90560000
0.55508992,150.65460000,-372.90560000
0.55525376,150.65460000,-381.66450000
0.55541760,155.00350000,-377.28500000
0.55558144,155.00350000,-372.90560000
0.55574528,155.00350000,-368.52620000
0.55590912,155.00350000,-381.66450000
0.55607296,155.00350000,-377.28500000
0.55623680,155.00350000,-377.28500000
0.55640064,150.65460000,-372.90560000
0.55656448,150.65460000,-372.90560000
0.55672832,155.00350000,-377.28500000
0.55689216,155.00350000,-377.28500000
0.55705600,155.00350000,-377.28500000
0.55721984,155.00350000,-381.66450000
0.55738368,155.00350000,-377.28500000
0.55754752,155.00350000,-377.28500000
0.55771136,150.65460000,-377.28500000
0.55787520,150.65460000,-377.28500000
0.55803904,150.65460000,-377.28500000
0.55820288,150.65460000,-377.28500000
0.55836672,155.00350000,-386.04390000
0.55853056,155.00350000,-364.14690000
0.55869440,155.00350000,-377.28500000
0.55885824,155.00350000,-377.28500000
0.55902208,155.00350000,-377.28500000
0.55918592,155.00350000,-368.52620000
0.55934976,155.00350000,-372.90560000
0.55951360,155.00350000,-372.90560000
0.55967744,155.00350000,-377.28500000
0.55984128,155.00350000,-381.66450000
0.56000512,150.65460000,-377.28500000
0.56016896,150.65460000,-368.52620000
0.56033280,150.65460000,-390.40800000
0.56049664,150.65460000,-377.28500000
0.56066048,150.65460000,-372.90560000
0.56082432,150.65460000,-377.28500000
0.56098816,150.65460000,-368.52620000
0.56115200,150.65460000,-381.66450000
0.56131584,150.65460000,-372.90560000
0.56147968,150.65460000,-377.28500000
0.56164352,150.65460000,-377.28500000
0.56180736,155.00350000,-372.90560000
0.56197120,150.65460000,-377.28500000
0.56213504,150.65460000,-381.66450000
0.56229888,150.65460000,-377.28500000
0.56246272,150.65460000,-368.52620000
0.56262656,155.00350000,-372.90560000
0.56279040,155.00350000,-372.90560000
0.56295424,155.00350000,-372.90560000
0.56311808,155.00350000,-364.14690000
0.56328192,155.00350000,-364.14690000
0.56344576,155.00350000,-372.90560000
0.56360960,150.65460000,-377.28500000
0.56377344,150.65460000,-368.52620000
0.56393728,150.65460000,-368.52620000
0.56410112,155.00350000,-359.76740000
0.56426496,155.00350000,-368.52620000
0.56442880,155.00350000,-368.52620000
0.56459264,155.00350000,-364.14690000
0.56475648,155.00350000,-372.90560000
0.56492032,146.30570000,-364.14690000
0.56508416,150.65460000,-364.14690000
0.56524800,155.00350000,-359.76740000
0.56541184,159.35240000,-368.52620000
0.56557568,155.00350000,-364.14690000
0.56573952,155.00350000,-364.14690000
0.56590336,150.65460000,-359.76740000
0.56606720,150.65460000,-359.76740000
0.56623104,155.00350000,-359.76740000
0.56639488,155.00350000,-359.76740000
0.56655872,155.00350000,-364.14690000
0.56672256,150.65460000,-355.38800000
0.56688640,150.65460000,-355.38800000
0.56705024,155.00350000,-359.76740000
0.56721408,155.00350000,-355.38800000
0.56737792,155.00350000,-355.38800000
0.56754176,150.65460000,-364.14690000
0.56770560,155.00350000,-359.76740000
0.56786944,155.00350000,-351.00860000
0.56803328,159.35240000,-355.38800000
0.56819712,150.65460000,-355.38800000
0.56836096,150.65460000,-351.00860000
0.56852480,155.00350000,-342.24980000
0.56868864,155.00350000,-355.38800000
0.56885248,150.65460000,-346.62920000
0.56901632,150.65460000,-355.38800000
0.56918016,150.65460000,-359.76740000
0.56934400,155.00350000,-346.62920000
0.56950784,155.00350000,-346.62920000
0.56967168,150.65460000,-351.00860000
0.56983552,155.00350000,-346.62920000
0.56999936,155.00350000,-346.62920000
0.57016320,155.00350000,-346.62920000
0.57032704,150.65460000,-351.00860000
0.57049088,155.00350000,-346.62920000
0.57065472,155.00350000,-355.38800000
0.57081856,150.65460000,-333.49100000
0.57098240,155.00350000,-346.62920000
0.57114624,150.65460000,-337.87040000
0.57131008,150.65460000,-346.62920000
0.57147392,155.00350000,-342.24980000
0.57163776,150.65460000,-337.87040000
0.57180160,155.00350000,-342.24980000
0.57196544,155.00350000,-333.49100000
0.57212928,150.65460000,-337.87040000
0.57229312,155.00350000,-333.49100000
0.57245696,155.00350000,-337.87040000
0.57262080,150.65460000,-333.49100000
0.57278464,155.00350000,-337.87040000
0.57294848,155.00350000,-333.49100000
0.57311232,155.00350000,-324.74750000
0.57327616,155.00350000,-333.49100000
0.57344000,150.65460000,-329.12680000
0.57360384,155.00350000,-324.74750000
0.57376768,150.65460000,-333.49100000
0.57393152,155.00350000,-329.12680000
0.57409536,155.00350000,-311.60920000
0.57425920,150.65460000,-333.49100000
0.57442304,155.00350000,-320.36800000
0.57458688,150.65460000,-324.74750000
0.57475072,155.00350000,-320.36800000
0.57491456,150.65460000,-324.74750000
0.57507840,150.65460000,-311.60920000
0.57524224,150.65460000,-320.36800000
0.57540608,150.65460000,-311.60920000
0.57556992,155.00350000,-311.60920000
0.57573376,150.65460000,-311.60920000
0.57589760,155.00350000,-311.60920000
0.57606144,155.00350000,-307.22980000
0.57622528,155.00350000,-311.60920000
0.57638912,150.65460000,-311.60920000
0.57655296,155.00350000,-307.22980000
0.57671680,155.00350000,-302.85040000
0.57688064,155.00350000,-302.85040000
0.57704448,155.00350000,-307.22980000
0.57720832,155.00350000,-307.22980000
0.57737216,155.00350000,-307.22980000
0.57753600,155.00350000,-298.47100000
0.57769984,150.65460000,-302.85040000
0.57786368,155.00350000,-298.47100000
0.57802752,150.65460000,-298.47100000
0.57819136,155.00350000,-298.47100000
0.57835520,150.65460000,-294.09160000
0.57851904,155.00350000,-294.09160000
0.57868288,150.65460000,-298.47100000
0.57884672,155.00350000,-294.09160000
0.57901056,150.65460000,-289.71220000
0.57917440,155.00350000,-294.09160000
0.57933824,155.00350000,-294.09160000
0.57950208,150.65460000,-285.33280000
0.57966592,155.00350000,-289.71220000
0.57982976,155.00350000,-289.71220000
0.57999360,155.00350000,-280.95340000
0.58015744,150.65460000,-289.71220000
0.58032128,150.65460000,-276.58920000
0.58048512,155.00350000,-276.58920000
0.58064896,150.65460000,-280.95340000
0.58081280,150.65460000,-276.58920000
0.58097664,155.00350000,-272.20980000
0.58114048,155.00350000,-280.95340000
0.58130432,155.00350000,-272.20980000
0.58146816,150.65460000,-272.20980000
0.58163200,155.00350000,-263.45100000
0.58179584,155.00350000,-276.58920000
0.58195968,155.00350000,-263.45100000
0.58212352,150.65460000,-272.20980000
0.58228736,150.65460000,-267.83040000
0.58245120,155.00350000,-259.07160000
0.58261504,150.65460000,-263.45100000
0.58277888,155.00350000,-263.45100000
0.58294272,155.00350000,-263.45100000
0.58310656,155.00350000,-259.07160000
0.58327040,155.00350000,-263.45100000
0.58343424,155.00350000,-263.45100000
0.58359808,150.65460000,-250.31280000
0.58376192,155.00350000,-254.69220000
0.58392576,155.00350000,-250.31280000
0.58408960,150.65460000,-250.31280000
0.58425344,155.00350000,-250.31280000
0.58441728,155.00350000,-250.31280000
0.58458112,155.00350000,-241.55400000
0.58474496,150.65460000,-245.93340000
0.58490880,155.00350000,-232.79520000
0.58507264,155.00350000,-237.17460000
0.58523648,155.00350000,-232.79520000
0.58540032,150.65460000,-232.79520000
0.58556416,155.00350000,-237.17460000
0.58572800,155.00350000,-232.79520000
0.58589184,150.65460000,-237.17460000
0.58605568,150.65460000,-237.17460000
0.58621952,155.00350000,-232.79520000
0.58638336,155.00350000,-228.41580000
0.58654720,150.65460000,-228.41580000
0.58671104,155.00350000,-228.41580000
0.58687488,155.00350000,-219.67220000
0.58703872,155.00350000,-219.67220000
0.58720256,150.65460000,-219.67220000
0.58736640,150.65460000,-224.03640000
0.58753024,150.65460000,-219.67220000
0.58769408,150.65460000,-219.67220000
0.58785792,155.00350000,-219.67220000
0.58802176,155.00350000,-210.91340000
0.58818560,155.00350000,-206.53400000
0.58834944,150.65460000,-206.53400000
0.58851328,150.65460000,-206.53400000
0.58867712,155.00350000,-210.91340000
0.58884096,155.00350000,-202.15460000
0.58900480,155.00350000,-197.77520000
0.58916864,155.00350000,-206.53400000
0.58933248,155.00350000,-197.77520000
0.58949632,155.00350000,-197.77520000
0.58966016,155.00350000,-197.77520000
0.58982400,155.00350000,-202.15460000
0.58998784,155.00350000,-184.63700000
0.59015168,155.00350000,-193.39580000
0.59031552,155.00350000,-197.77520000
0.59047936,155.00350000,-184.63700000
0.59064320,155.00350000,-184.63700000
0.59080704,155.00350000,-184.63700000
0.59097088,150.65460000,-180.25760000
0.59113472,150.65460000,-189.01640000
0.59129856,150.65460000,-180.25760000
0.59146240,150.65460000,-184.63700000
0.59162624,155.00350000,-171.49870000
0.59179008,155.00350000,-180.25760000
0.59195392,155.00350000,-171.49870000
0.59211776,150.65460000,-175.87820000
0.59228160,155.00350000,-175.87820000
0.59244544,159.35240000,-171.49870000
0.59260928,155.00350000,-162.75520000
0.59277312,155.00350000,-158.37580000
0.59293696,155.00350000,-158.37580000
0.59310080,150.65460000,-153.99640000
0.59326464,150.65460000,-158.37580000
0.59342848,150.65460000,-153.99640000
0.59359232,150.65460000,-158.37580000
0.59375616,155.00350000,-149.61700000
0.59392000,155.00350000,-158.37580000
0.59408384,155.00350000,-145.23760000
0.59424768,155.00350000,-149.61700000
0.59441152,155.00350000,-140.85820000
0.59457536,155.00350000,-149.61700000
0.59473920,155.00350000,-145.23760000
0.59490304,155.00350000,-145.23760000
0.59506688,155.00350000,-132.09940000
0.59523072,155.00350000,-136.47880000
0.59539456,155.00350000,-136.47880000
0.59555840,155.00350000,-127.72000000
0.59572224,150.65460000,-127.72000000
0.59588608,155.00350000,-127.72000000
0.59604992,150.65460000,-127.72000000
0.59621376,155.00350000,-127.72000000
0.59637760,155.00350000,-123.34050000
0.59654144,150.65460000,-123.34050000
0.59670528,155.00350000,-114.58170000
0.59686912,155.00350000,-114.58170000
0.59703296,150.65460000,-110.20230000
0.59719680,155.00350000,-114.58170000
0.59736064,150.65460000,-110.20230000
0.59752448,155.00350000,-110.20230000
0.59768832,155.00350000,-105.83820000
0.59785216,155.00350000,-105.83820000
0.59801600,155.00350000,-97.07938000
0.59817984,155.00350000,-101.45880000
0.59834368,155.00350000,-101.45880000
0.59850752,155.00350000,-97.07938000
0.59867136,155.00350000,-97.07938000
0.59883520,155.00350000,-97.07938000
0.59899904,155.00350000,-97.07938000
0.59916288,155.00350000,-83.94115000
0.59932672,155.00350000,-92.69997000
0.59949056,150.65460000,-83.94115000
0.59965440,150.65460000,-83.94115000
0.59981824,150.65460000,-83.94115000
0.59998208,150.65460000,-79.56175000
0.60014592,155.00350000,-88.32056000
0.60030976,150.65460000,-79.56175000
0.60047360,155.00350000,-79.56175000
0.60063744,155.00350000,-75.18234000
0.60080128,155.00350000,-66.42353000
0.60096512,155.00350000,-75.18234000
0.60112896,150.65460000,-62.04412000
0.60129280,150.65460000,-66.42353000
0.60145664,150.65460000,-62.04412000
0.60162048,155.00350000,-70.80294000
0.60178432,150.65460000,-62.04412000
0.60194816,150.65460000,-62.04412000
0.60211200,150.65460000,-62.04412000
0.60227584,150.65460000,-48.92117000
0.60243968,155.00350000,-53.28531000
0.60260352,155.00350000,-57.66472000
0.60276736,155.00350000,-44.54176000
0.60293120,155.00350000,-48.92117000
0.60309504,155.00350000,-40.16236000
0.60325888,150.65460000,-44.54176000
0.60342272,150.65460000,-48.92117000
0.60358656,150.65460000,-40.16236000
0.60375040,150.65460000,-40.16236000
0.60391424,150.65460000,-35.78295000
0.60407808,150.65460000,-22.64473000
0.60424192,155.00350000,-40.16236000
0.60440576,155.00350000,-27.02414000
0.60456960,155.00350000,-31.40354000
0.60473344,155.00350000,-27.02414000
0.60489728,155.00350000,-18.26533000
0.60506112,155.00350000,-22.64473000
0.60522496,150.65460000,-22.64473000
0.60538880,155.00350000,-13.88592000
0.60555264,150.65460000,-13.88592000
0.60571648,150.65460000,-13.88592000
0.60588032,155.00350000,-9.50651600
0.60604416,155.00350000,-5.12710900
0.60620800,155.00350000,-5.12710900
0.60637184,155.00350000,-5.12710900
0.60653568,155.00350000,-13.88592000
0.60669952,155.00350000,-9.50651600
0.60686336,155.00350000,-0.74770340
0.60702720,150.65460000,-5.12710900
0.60719104,150.65460000,-5.12710900
0.60735488,150.65460000,-5.12710900
0.60751872,155.00350000,12.36000000
0.60768256,150.65460000,12.36000000
0.60784640,155.00350000,12.36000000
0.60801024,155.00350000,16.73940000
0.60817408,150.65460000,16.73940000
0.60833792,150.65460000,25.49821000
0.60850176,150.65460000,12.36000000
0.60866560,150.65460000,25.49821000
0.60882944,155.00350000,25.49821000
0.60899328,155.00350000,25.49821000
0.60915712,155.00350000,38.63643000
0.60932096,155.00350000,25.49821000
0.60948480,155.00350000,38.63643000
0.60964864,155.00350000,38.63643000
0.60981248,150.65460000,34.25703000
0.60997632,150.65460000,43.01583000
0.61014016,150.65460000,29.87762000
0.61030400,150.65460000,47.39524000
0.61046784,155.00350000,43.01583000
0.61063168,159.35240000,43.01583000
0.61079552,159.35240000,51.77465000
0.61095936,150.65460000,47.39524000
0.61112320,150.65460000,51.77465000
0.61128704,150.65460000,60.51820000
0.61145088,150.65460000,51.77465000
0.61161472,150.65460000,60.51820000
0.61177856,155.00350000,51.77465000
0.61194240,155.00350000,60.51820000
0.61210624,155.00350000,56.15405000
0.61227008,155.00350000,64.89761000
0.61243392,150.65460000,60.51820000
0.61259776,150.65460000,64.89761000
0.61276160,150.65460000,73.65642000
0.61292544,150.65460000,69.27702000
0.61308928,150.65460000,73.65642000
0.61325312,155.00350000,78.03583000
0.61341696,155.00350000,69.27702000
0.61358080,155.00350000,82.41523000
0.61374464,150.65460000,82.41523000
0.61390848,155.00350000,91.17404000
0.61407232,150.65460000,86.79464000
0.61423616,155.00350000,91.17404000
0.61440000,155.00350000,86.79464000
0.61456384,155.00350000,91.17404000
0.61472768,155.00350000,95.55344000
0.61489152,155.00350000,91.17404000
0.61505536,155.00350000,91.17404000
0.61521920,155.00350000,95.55344000
0.61538304,150.65460000,99.93285000
0.61554688,155.00350000,95.55344000
0.61571072,155.00350000,99.93285000
0.61587456,155.00350000,113.07110000
0.61603840,155.00350000,113.07110000
0.61620224,155.00350000,113.07110000
0.61636608,150.65460000,113.07110000
0.61652992,150.65460000,113.07110000
0.61669376,146.30570000,113.07110000
0.61685760,150.65460000,121.81460000
0.61702144,146.30570000,121.81460000
0.61718528,155.00350000,121.81460000
0.61734912,155.00350000,121.81460000
0.61751296,155.00350000,130.57340000
0.61767680,155.00350000,121.81460000
0.61784064,155.00350000,130.57340000
0.61800448,155.00350000,134.95280000
0.61816832,155.00350000,130.57340000
0.61833216,155.00350000,130.57340000
0.61849600,150.65460000,134.95280000
0.61865984,155.00350000,143.71170000
0.61882368,155.00350000,139.33220000
0.61898752,150.65460000,139.33220000
0.61915136,155.00350000,143.71170000
0.61931520,155.00350000,143.71170000
0.61947904,155.00350000,148.09100000
0.61964288,155.00350000,148.09100000
0.61980672,155.00350000,152.47050000
0.61997056,150.65460000,161.22930000
0.62013440,150.65460000,152.47050000
0.62029824,150.65460000,156.84990000
0.62046208,150.65460000,165.60870000
0.62062592,150.65460000,156.84990000
0.62078976,155.00350000,156.84990000
0.62095360,155.00350000,161.22930000
0.62111744,155.00350000,165.60870000
0.62128128,155.00350000,165.60870000
0.62144512,155.00350000,161.22930000
0.62160896,155.00350000,165.60870000
0.62177280,150.65460000,165.60870000
0.62193664,155.00350000,169.98810000
0.62210048,146.30570000,187.49040000
0.62226432,155.00350000,178.73160000
0.62242816,155.00350000,178.73160000
0.62259200,150.65460000,178.73160000
0.62275584,155.00350000,183.11100000
0.62291968,155.00350000,187.49040000
0.62308352,150.65460000,183.11100000
0.62324736,150.65460000,187.49040000
0.62341120,155.00350000,191.86990000
0.62357504,155.00350000,196.24930000
0.62373888,150.65460000,187.49040000
0.62390272,150.65460000,191.86990000
0.62406656,150.65460000,191.86990000
0.62423040,150.65460000,196.24930000
0.62439424,150.65460000,200.62870000
0.62455808,150.65460000,200.62870000
0.62472192,150.65460000,200.62870000
0.62488576,150.65460000,205.00810000
0.62504960,150.65460000,200.62870000
0.62521344,150.65460000,213.76690000
0.62537728,150.65460000,205.00810000
0.62554112,150.65460000,205.00810000
0.62570496,150.65460000,209.38750000
0.62586880,155.00350000,213.76690000
0.62603264,155.00350000,209.38750000
0.62619648,146.30570000,209.38750000
0.62636032,150.65460000,213.76690000
0.62652416,141.95680000,218.14630000
0.62668800,150.65460000,222.52570000
0.62685184,150.65460000,222.52570000
0.62701568,155.00350000,222.52570000
0.62717952,159.35240000,226.90510000
0.62734336,155.00350000,240.02810000
0.62750720,159.35240000,231.26930000
0.62767104,155.00350000,231.26930000
0.62783488,155.00350000,226.90510000
0.62799872,150.65460000,235.64870000
0.62816256,150.65460000,235.64870000
0.62832640,150.65460000,235.64870000
0.62849024,146.30570000,226.90510000
0.62865408,146.30570000,240.02810000
0.62881792,150.65460000,235.64870000
0.62898176,155.00350000,240.02810000
0.62914560,155.00350000,240.02810000
0.62930944,150.65460000,248.78690000
0.62947328,155.00350000,240.02810000
0.62963712,159.35240000,248.78690000
0.62980096,155.00350000,248.78690000
0.62996480,150.65460000,248.78690000
0.63012864,150.65460000,253.16630000
0.63029248,146.30570000,253.16630000
0.63045632,150.65460000,257.54570000
0.63062016,150.65460000,257.54570000
0.63078400,150.65460000,253.16630000
0.63094784,155.00350000,257.54570000
0.63111168,159.35240000,266.30450000
0.63127552,155.00350000,253.16630000
0.63143936,155.00350000,266.30450000
0.63160320,155.00350000,261.92510000
0.63176704,150.65460000,261.92510000
0.63193088,150.65460000,261.92510000
0.63209472,150.65460000,270.68390000
0.63225856,159.35240000,266.30450000
0.63242240,159.35240000,270.68390000
0.63258624,159.35240000,279.44270000
0.63275008,150.65460000,275.06330000
0.63291392,150.65460000,275.06330000
0.63307776,141.95680000,270.68390000
0.63324160,155.00350000,275.06330000
0.63340544,155.00350000,275.06330000
0.63356928,155.00350000,283.82210000
0.63373312,146.30570000,283.82210000
0.63389696,146.30570000,288.18630000
0.63406080,155.00350000,288.18630000
0.63422464,155.00350000,288.18630000
0.63438848,159.35240000,283.82210000
0.63455232,155.00350000,288.18630000
0.63471616,150.65460000,283.82210000
0.63488000,150.65460000,288.18630000
0.63504384,159.35240000,296.94510000
0.63520768,155.00350000,301.32450000
0.63537152,146.30570000,292.56570000
0.63553536,150.65460000,292.56570000
0.63569920,159.35240000,296.94510000
0.63586304,150.65460000,296.94510000
0.63602688,146.30570000,305.70390000
0.63619072,155.00350000,305.70390000
0.63635456,155.00350000,301.32450000
0.63651840,150.65460000,301.32450000
0.63668224,146.30570000,305.70390000
0.63684608,155.00350000,301.32450000
0.63700992,155.00350000,305.70390000
0.63717376,146.30570000,310.08330000
0.63733760,155.00350000,314.46270000
0.63750144,155.00350000,310.08330000
0.63766528,150.65460000,305.70390000
0.63782912,150.65460000,314.46270000
0.63799296,159.35240000,310.08330000
0.63815680,146.30570000,314.46270000
0.63832064,150.65460000,318.84210000
0.63848448,159.35240000,310.08330000
0.63864832,146.30570000,318.84210000
0.63881216,146.30570000,327.60090000
0.63897600,155.00350000,323.22150000
0.63913984,150.65460000,323.22150000
0.63930368,146.30570000,318.84210000
0.63946752,155.00350000,323.22150000
0.63963136,155.00350000,323.22150000
0.63979520,146.30570000,323.22150000
0.63995904,155.00350000,327.60090000
0.64012288,155.00350000,331.98030000
0.64028672,150.65460000,327.60090000
0.64045056,159.35240000,331.98030000
0.64061440,155.00350000,327.60090000
0.64077824,146.30570000,331.98030000
0.64094208,159.35240000,331.98030000
0.64110592,150.65460000,336.35970000
0.64126976,155.00350000,336.35970000
0.64143360,155.00350000,327.60090000
0.64159744,146.30570000,336.35970000
0.64176128,159.35240000,336.35970000
0.64192512,155.00350000,340.72390000
0.64208896,150.65460000,331.98030000
0.64225280,155.00350000,331.98030000
0.64241664,150.65460000,340.72390000
0.64258048,159.35240000,340.72390000
0.64274432,155.00350000,340.72390000
0.64290816,155.00350000,340.72390000
0.64307200,155.00350000,345.10330000
0.64323584,146.30570000,336.35970000
0.64339968,159.35240000,340.72390000
0.64356352,146.30570000,345.10330000
0.64372736,155.00350000,340.72390000
0.64389120,141.95680000,345.10330000
0.64405504,155.00350000,345.10330000
0.64421888,146.30570000,345.10330000
0.64438272,159.35240000,345.10330000
0.64454656,141.95680000,353.86210000
0.64471040,163.70130000,345.10330000
0.64487424,146.30570000,349.48270000
0.64503808,159.35240000,345.10330000
0.64520192,150.65460000,353.86210000
0.64536576,159.35240000,353.86210000
0.64552960,155.00350000,353.86210000
0.64569344,150.65460000,358.24150000
0.64585728,159.35240000,349.48270000
0.64602112,150.65460000,353.86210000
0.64618496,159.35240000,358.24150000
0.64634880,146.30570000,353.86210000
0.64651264,159.35240000,371.37970000
0.64667648,146.30570000,353.86210000
0.64684032,155.00350000,362.62090000
0.64700416,155.00350000,345.10330000
0.64716800,155.00350000,362.62090000
0.64733184,159.35240000,371.37970000
0.64749568,141.95680000,367.00030000
0.64765952,159.35240000,367.00030000
0.64782336,150.65460000,371.37970000
0.64798720,150.65460000,362.62090000
0.64815104,163.70130000,362.62090000
0.64831488,141.95680000,367.00030000
0.64847872,159.35240000,371.37970000
0.64864256,150.65460000,367.00030000
0.64880640,146.30570000,371.37970000
0.64897024,163.70130000,367.00030000
0.64913408,150.65460000,371.37970000
0.64929792,155.00350000,371.37970000
0.64946176,155.00350000,367.00030000
0.64962560,146.30570000,367.00030000
0.64978944,155.00350000,367.00030000
0.64995328,155.00350000,362.62090000
0.65011712,141.95680000,371.37970000
0.65028096,155.00350000,371.37970000
0.65044480,155.00350000,371.37970000
0.65060864,150.65460000,375.75910000
0.65077248,159.35240000,367.00030000
0.65093632,150.65460000,367.00030000
0.65110016,150.65460000,371.37970000
0.65126400,159.35240000,371.37970000
0.65142784,155.00350000,375.75910000
0.65159168,141.95680000,367.00030000
0.65175552,155.00350000,375.75910000
0.65191936,159.35240000,375.75910000
0.65208320,141.95680000,380.13850000
0.65224704,146.30570000,375.75910000
0.65241088,163.70130000,375.75910000
0.65257472,155.00350000,367.00030000
0.65273856,137.62320000,375.75910000
0.65290240,150.65460000,375.75910000
0.65306624,163.70130000,375.75910000
0.65323008,159.35240000,375.75910000
0.65339392,141.95680000,375.75910000
0.65355776,141.95680000,380.13850000
0.65372160,150.65460000,375.75910000
0.65388544,168.05020000,375.75910000
0.65404928,159.35240000,375.75910000
0.65421312,137.62320000,380.13850000
0.65437696,137.62320000,375.75910000
0.65454080,150.65460000,380.13850000
0.65470464,155.00350000,380.13850000
0.65486848,168.05020000,380.13850000
0.65503232,155.00350000,380.13850000
0.65519616,146.30570000,375.75910000
0.65536000,137.62320000,375.75910000
0.65552384,146.30570000,380.13850000
0.65568768,155.00350000,375.75910000
0.65585152,172.39900000,375.75910000
0.65601536,168.05020000,371.37970000
0.65617920,155.00350000,380.13850000
0.65634304,150.65460000,371.37970000
0.65650688,141.95680000,380.13850000
0.65667072,133.27430000,380.13850000
0.65683456,146.30570000,388.89730000
0.65699840,150.65460000,375.75910000
0.65716224,163.70130000,375.75910000
0.65732608,168.05020000,380.13850000
0.65748992,163.70130000,371.37970000
0.65765376,159.35240000,375.75910000
0.65781760,155.00350000,375.75910000
0.65798144,146.30570000,371.37970000
0.65814528,141.95680000,375.75910000
0.65830912,137.62320000,380.13850000
0.65847296,137.62320000,375.75910000
0.65863680,141.95680000,375.75910000
0.65880064,150.65460000,375.75910000
0.65896448,155.00350000,375.75910000
0.65912832,159.35240000,384.51790000
0.65929216,163.70130000,375.75910000
0.65945600,172.39900000,375.75910000
0.65961984,168.05020000,380.13850000
0.65978368,163.70130000,375.75910000
0.65994752,168.05020000,380.13850000
0.66011136,168.05020000,380.13850000
0.66027520,163.70130000,371.37970000
0.66043904,163.70130000,380.13850000
0.66060288,159.35240000,371.37970000
0.66076672,163.70130000,371.37970000
0.66093056,168.05020000,375.75910000
0.66109440,163.70130000,375.75910000
0.66125824,168.05020000,380.13850000
0.66142208,159.35240000,375.75910000
0.66158592,168.05020000,375.75910000
0.66174976,163.70130000,380.13850000
0.66191360,159.35240000,375.75910000
0.66207744,159.35240000,375.75910000
0.66224128,155.00350000,375.75910000
0.66240512,146.30570000,375.75910000
0.66256896,146.30570000,375.75910000
0.66273280,137.62320000,375.75910000
0.66289664,141.95680000,367.00030000
0.66306048,137.62320000,367.00030000
0.66322432,141.95680000,362.62090000
0.66338816,155.00350000,375.75910000
0.66355200,159.35240000,375.75910000
0.66371584,168.05020000,367.00030000
0.66387968,163.70130000,375.75910000
0.66404352,150.65460000,371.37970000
0.66420736,146.30570000,371.37970000
0.66437120,137.62320000,367.00030000
0.66453504,137.62320000,367.00030000
0.66469888,150.65460000,371.37970000
0.66486272,159.35240000,371.37970000
0.66502656,168.05020000,371.37970000
0.66519040,159.35240000,371.37970000
0.66535424,150.65460000,358.24150000
0.66551808,137.62320000,371.37970000
0.66568192,146.30570000,367.00030000
0.66584576,150.65460000,358.24150000
0.66600960,155.00350000,358.24150000
0.66617344,163.70130000,358.24150000
0.66633728,155.00350000,371.37970000
0.66650112,141.95680000,353.86210000
0.66666496,146.30570000,358.24150000
0.66682880,155.00350000,362.62090000
0.66699264,159.35240000,367.00030000
0.66715648,163.70130000,362.62090000
0.66732032,155.00350000,362.62090000
0.66748416,137.62320000,353.86210000
0.66764800,141.95680000,358.24150000
0.66781184,159.35240000,362.62090000
0.66797568,159.35240000,349.48270000
0.66813952,150.65460000,358.24150000
0.66830336,146.30570000,358.24150000
0.66846720,150.65460000,353.86210000
0.66863104,163.70130000,358.24150000
0.66879488,159.35240000,353.86210000
0.66895872,141.95680000,358.24150000
0.66912256,146.30570000,349.48270000
0.66928640,163.70130000,349.48270000
0.66945024,150.65460000,345.10330000
0.66961408,146.30570000,349.48270000
0.66977792,155.00350000,353.86210000
0.66994176,163.70130000,353.86210000
0.67010560,150.65460000,345.10330000
0.67026944,146.30570000,345.10330000
0.67043328,159.35240000,345.10330000
0.67059712,150.65460000,349.48270000
0.67076096,141.95680000,345.10330000
0.67092480,159.35240000,336.35970000
0.67108864,159.35240000,331.98030000
0.67125248,146.30570000,345.10330000
0.67141632,155.00350000,345.10330000
0.67158016,155.00350000,345.10330000
0.67174400,141.95680000,340.72390000
0.67190784,155.00350000,331.98030000
0.67207168,159.35240000,340.72390000
0.67223552,141.95680000,331.98030000
0.67239936,155.00350000,336.35970000
0.67256320,150.65460000,331.98030000
0.67272704,146.30570000,336.35970000
0.67289088,159.35240000,331.98030000
0.67305472,146.30570000,327.60090000
0.67321856,155.00350000,331.98030000
0.67338240,155.00350000,331.98030000
0.67354624,137.62320000,327.60090000
0.67371008,155.00350000,327.60090000
0.67387392,150.65460000,331.98030000
0.67403776,146.30570000,327.60090000
0.67420160,159.35240000,327.60090000
0.67436544,141.95680000,318.84210000
0.67452928,155.00350000,323.22150000
0.67469312,150.65460000,323.22150000
0.67485696,150.65460000,323.22150000
0.67502080,163.70130000,323.22150000
0.67518464,155.00350000,323.22150000
0.67534848,163.70130000,318.84210000
0.67551232,150.65460000,327.60090000
0.67567616,150.65460000,310.08330000
0.67584000,155.00350000,314.46270000
0.67600384,141.95680000,305.70390000
0.67616768,159.35240000,310.08330000
0.67633152,137.62320000,305.70390000
0.67649536,159.35240000,323.22150000
0.67665920,146.30570000,310.08330000
0.67682304,155.00350000,305.70390000
0.67698688,150.65460000,305.70390000
0.67715072,150.65460000,305.70390000
0.67731456,155.00350000,305.70390000
0.67747840,155.00350000,305.70390000
0.67764224,155.00350000,305.70390000
0.67780608,155.00350000,296.94510000
0.67796992,155.00350000,301.32450000
0.67813376,155.00350000,296.94510000
0.67829760,150.65460000,296.94510000
0.67846144,150.65460000,296.94510000
0.67862528,146.30570000,292.56570000
0.67878912,155.00350000,301.32450000
0.67895296,146.30570000,288.18630000
0.67911680,155.00350000,292.56570000
0.67928064,146.30570000,288.18630000
0.67944448,155.00350000,288.18630000
0.67960832,146.30570000,292.56570000
0.67977216,155.00350000,292.56570000
0.67993600,155.00350000,288.18630000
0.68009984,150.65460000,279.44270000
0.68026368,155.00350000,275.06330000
0.68042752,146.30570000,283.82210000
0.68059136,155.00350000,283.82210000
0.68075520,155.00350000,279.44270000
0.68091904,155.00350000,266.30450000
0.68108288,159.35240000,279.44270000
0.68124672,146.30570000,275.06330000
0.68141056,150.65460000,266.30450000
0.68157440,155.00350000,270.68390000
0.68173824,141.95680000,275.06330000
0.68190208,155.00350000,266.30450000
0.68206592,150.65460000,270.68390000
0.68222976,155.00350000,266.30450000
0.68239360,155.00350000,261.92510000
0.68255744,150.65460000,270.68390000
0.68272128,155.00350000,261.92510000
0.68288512,155.00350000,270.68390000
0.68304896,146.30570000,257.54570000
0.68321280,155.00350000,261.92510000
0.68337664,155.00350000,261.92510000
0.68354048,146.30570000,253.16630000
0.68370432,155.00350000,257.54570000
0.68386816,150.65460000,248.78690000
0.68403200,146.30570000,257.54570000
0.68419584,159.35240000,253.16630000
0.68435968,146.30570000,244.40750000
0.68452352,150.65460000,248.78690000
0.68468736,155.00350000,244.40750000
0.68485120,150.65460000,253.16630000
0.68501504,146.30570000,240.02810000
0.68517888,155.00350000,240.02810000
0.68534272,155.00350000,235.64870000
0.68550656,146.30570000,235.64870000
0.68567040,155.00350000,235.64870000
0.68583424,155.00350000,235.64870000
0.68599808,150.65460000,235.64870000
0.68616192,150.65460000,226.90510000
0.68632576,155.00350000,231.26930000
0.68648960,150.65460000,226.90510000
0.68665344,150.65460000,231.26930000
0.68681728,155.00350000,226.90510000
0.68698112,150.65460000,226.90510000
0.68714496,155.00350000,226.90510000
0.68730880,150.65460000,218.14630000
0.68747264,150.65460000,226.90510000
0.68763648,150.65460000,213.76690000
0.68780032,155.00350000,218.14630000
0.68796416,146.30570000,213.76690000
0.68812800,150.65460000,218.14630000
0.68829184,155.00350000,218.14630000
0.68845568,159.35240000,218.14630000
0.68861952,155.00350000,205.00810000
0.68878336,150.65460000,200.62870000
0.68894720,150.65460000,191.86990000
0.68911104,155.00350000,200.62870000
0.68927488,155.00350000,200.62870000
0.68943872,155.00350000,200.62870000
0.68960256,155.00350000,196.24930000
0.68976640,155.00350000,196.24930000
0.68993024,150.65460000,191.86990000
0.69009408,146.30570000,196.24930000
0.69025792,155.00350000,196.24930000
0.69042176,155.00350000,187.49040000
0.69058560,155.00350000,191.86990000
0.69074944,155.00350000,183.11100000
0.69091328,150.65460000,191.86990000
0.69107712,150.65460000,178.73160000
0.69124096,150.65460000,178.73160000
0.69140480,155.00350000,187.49040000
0.69156864,150.65460000,178.73160000
0.69173248,155.00350000,178.73160000
0.69189632,155.00350000,178.73160000
0.69206016,150.65460000,169.98810000
0.69222400,146.30570000,169.98810000
0.69238784,150.65460000,165.60870000
0.69255168,150.65460000,165.60870000
0.69271552,150.65460000,165.60870000
0.69287936,155.00350000,161.22930000
0.69304320,155.00350000,161.22930000
0.69320704,150.65460000,156.84990000
0.69337088,150.65460000,165.60870000
0.69353472,150.65460000,161.22930000
0.69369856,146.30570000,152.47050000
0.69386240,155.00350000,156.84990000
0.69402624,155.00350000,156.84990000
0.69419008,155.00350000,152.47050000
0.69435392,155.00350000,148.09100000
0.69451776,155.00350000,148.09100000
0.69468160,155.00350000,148.09100000
0.69484544,155.00350000,143.71170000
0.69500928,146.30570000,148.09100000
0.69517312,155.00350000,148.09100000
0.69533696,150.65460000,143.71170000
0.69550080,150.65460000,139.33220000
0.69566464,146.30570000,134.95280000
0.69582848,150.65460000,130.57340000
0.69599232,150.65460000,130.57340000
0.69615616,150.65460000,130.57340000
0.69632000,155.00350000,130.57340000
0.69648384,155.00350000,126.19400000
0.69664768,150.65460000,126.19400000
0.69681152,150.65460000,121.81460000
0.69697536,155.00350000,113.07110000
0.69713920,155.00350000,108.69170000
0.69730304,150.65460000,117.43520000
0.69746688,150.65460000,117.43520000
0.69763072,155.00350000,108.69170000
0.69779456,155.00350000,113.07110000
0.69795840,155.00350000,108.69170000
0.69812224,155.00350000,108.69170000
0.69828608,150.65460000,95.55344000
0.69844992,155.00350000,99.93285000
0.69861376,150.65460000,99.93285000
0.69877760,150.65460000,95.55344000
0.69894144,146.30570000,91.17404000
0.69910528,146.30570000,95.55344000
0.69926912,155.00350000,91.17404000
0.69943296,150.65460000,91.17404000
0.69959680,150.65460000,91.17404000
0.69976064,146.30570000,91.17404000
0.69992448,150.65460000,86.79464000
0.70008832,155.00350000,82.41523000
0.70025216,155.00350000,82.41523000
0.70041600,155.00350000,78.03583000
0.70057984,155.00350000,82.41523000
0.70074368,155.00350000,73.65642000
0.70090752,155.00350000,73.65642000
0.70107136,155.00350000,78.03583000
0.70123520,155.00350000,64.89761000
0.70139904,155.00350000,60.51820000
0.70156288,159.35240000,60.51820000
0.70172672,150.65460000,64.89761000
0.70189056,150.65460000,56.15405000
0.70205440,150.65460000,64.89761000
0.70221824,150.65460000,60.51820000
0.70238208,150.65460000,56.15405000
0.70254592,150.65460000,56.15405000
0.70270976,150.65460000,56.15405000
0.70287360,150.65460000,51.77465000
0.70303744,155.00350000,51.77465000
0.70320128,155.00350000,47.39524000
0.70336512,155.00350000,43.01583000
0.70352896,150.65460000,38.63643000
0.70369280,155.00350000,43.01583000
0.70385664,150.65460000,43.01583000
0.70402048,155.00350000,29.87762000
0.70418432,155.00350000,38.63643000
0.70434816,155.00350000,29.87762000
0.70451200,155.00350000,29.87762000
0.70467584,155.00350000,25.49821000
0.70483968,155.00350000,25.49821000
0.70500352,150.65460000,21.11881000
0.70516736,150.65460000,21.11881000
0.70533120,150.65460000,16.73940000
0.70549504,155.00350000,16.73940000
0.70565888,155.00350000,12.36000000
0.70582272,155.00350000,7.98059000
0.70598656,163.70130000,7.98059000
0.70615040,150.65460000,7.98059000
0.70631424,155.00350000,12.36000000
0.70647808,155.00350000,7.98059000
0.70664192,150.65460000,7.98059000
0.70680576,155.00350000,7.98059000
0.70696960,150.65460000,-0.74770340
0.70713344,155.00350000,-0.74770340
0.70729728,155.00350000,-5.12710900
0.70746112,150.65460000,-5.12710900
0.70762496,155.00350000,-5.12710900
0.70778880,150.65460000,-13.88592000
0.70795264,155.00350000,-13.88592000
0.70811648,150.65460000,-13.88592000
0.70828032,150.65460000,-13.88592000
0.70844416,146.30570000,-18.26533000
0.70860800,150.65460000,-18.26533000
0.70877184,150.65460000,-22.64473000
0.70893568,150.65460000,-31.40354000
0.70909952,155.00350000,-18.26533000
0.70926336,155.00350000,-31.40354000
0.70942720,150.65460000,-40.16236000
0.70959104,155.00350000,-22.64473000
0.70975488,150.65460000,-40.16236000
0.70991872,150.65460000,-35.78295000
0.71008256,150.65460000,-27.02414000
0.71024640,155.00350000,-40.16236000
0.71041024,150.65460000,-35.78295000
0.71057408,150.65460000,-40.16236000
0.71073792,150.65460000,-44.54176000
0.71090176,155.00350000,-44.54176000
0.71106560,155.00350000,-44.54176000
0.71122944,155.00350000,-44.54176000
0.71139328,155.00350000,-44.54176000
0.71155712,150.65460000,-53.28531000
0.71172096,155.00350000,-48.92117000
0.71188480,150.65460000,-53.28531000
0.71204864,150.65460000,-57.66472000
0.71221248,150.65460000,-53.28531000
0.71237632,155.00350000,-62.04412000
0.71254016,150.65460000,-62.04412000
0.71270400,155.00350000,-62.04412000
0.71286784,155.00350000,-75.18234000
0.71303168,155.00350000,-75.18234000
0.71319552,155.00350000,-75.18234000
0.71335936,155.00350000,-79.56175000
0.71352320,150.65460000,-75.18234000
0.71368704,146.30570000,-79.56175000
0.71385088,150.65460000,-79.56175000
0.71401472,150.65460000,-79.56175000
0.71417856,155.00350000,-83.94115000
0.71434240,155.00350000,-88.32056000
0.71450624,155.00350000,-88.32056000
0.71467008,150.65460000,-88.32056000
0.71483392,150.65460000,-88.32056000
0.71499776,150.65460000,-92.69997000
0.71516160,155.00350000,-101.45880000
0.71532544,155.00350000,-101.45880000
0.71548928,159.35240000,-105.83820000
0.71565312,155.00350000,-105.83820000
0.71581696,155.00350000,-101.45880000
0.71598080,150.65460000,-114.58170000
0.71614464,155.00350000,-110.20230000
0.71630848,150.65460000,-110.20230000
0.71647232,155.00350000,-110.20230000
0.71663616,155.00350000,-114.58170000
0.71680000,155.00350000,-123.34050000
0.71696384,150.65460000,-114.58170000
0.71712768,150.65460000,-114.58170000
0.71729152,155.00350000,-118.96110000
0.71745536,150.65460000,-127.72000000
0.71761920,150.65460000,-123.34050000
0.71778304,150.65460000,-127.72000000
0.71794688,155.00350000,-123.34050000
0.71811072,150.65460000,-132.09940000
0.71827456,150.65460000,-123.34050000
0.71843840,150.65460000,-132.09940000
0.71860224,155.00350000,-140.85820000
0.71876608,150.65460000,-136.47880000
0.71892992,150.65460000,-132.09940000
0.71909376,150.65460000,-136.47880000
0.71925760,150.65460000,-140.85820000
0.71942144,150.65460000,-145.23760000
0.71958528,155.00350000,-153.99640000
0.71974912,155.00350000,-145.23760000
0.71991296,150.65460000,-145.23760000
0.72007680,150.65460000,-153.99640000
0.72024064,155.00350000,-153.99640000
0.72040448,150.65460000,-153.99640000
0.72056832,150.65460000,-158.37580000
0.72073216,155.00350000,-158.37580000
0.72089600,150.65460000,-158.37580000
0.72105984,150.65460000,-162.75520000
0.72122368,146.30570000,-167.11930000
0.72138752,150.65460000,-162.75520000
0.72155136,155.00350000,-167.11930000
0.72171520,155.00350000,-171.49870000
0.72187904,155.00350000,-167.11930000
0.72204288,146.30570000,-167.11930000
0.72220672,150.65460000,-180.25760000
0.72237056,155.00350000,-180.25760000
0.72253440,155.00350000,-180.25760000
0.72269824,150.65460000,-184.63700000
0.72286208,150.65460000,-189.01640000
0.72302592,155.00350000,-180.25760000
0.72318976,155.00350000,-180.25760000
0.72335360,155.00350000,-189.01640000
0.72351744,150.65460000,-193.39580000
0.72368128,150.65460000,-189.01640000
0.72384512,150.65460000,-197.77520000
0.72400896,150.65460000,-202.15460000
0.72417280,150.65460000,-193.39580000
0.72433664,155.00350000,-193.39580000
0.72450048,150.65460000,-193.39580000
0.72466432,150.65460000,-202.15460000
0.72482816,155.00350000,-193.39580000
0.72499200,155.00350000,-193.39580000
0.72515584,155.00350000,-206.53400000
0.72531968,155.00350000,-197.77520000
0.72548352,155.00350000,-202.15460000
0.72564736,155.00350000,-206.53400000
0.72581120,155.00350000,-206.53400000
0.72597504,150.65460000,-206.53400000
0.72613888,155.00350000,-215.29280000
0.72630272,155.00350000,-206.53400000
0.72646656,155.00350000,-219.67220000
0.72663040,155.00350000,-215.29280000
0.72679424,150.65460000,-219.67220000
0.72695808,150.65460000,-224.03640000
0.72712192,150.65460000,-219.67220000
0.72728576,155.00350000,-219.67220000
0.72744960,150.65460000,-224.03640000
0.72761344,150.65460000,-237.17460000
0.72777728,155.00350000,-228.41580000
0.72794112,150.65460000,-232.79520000
0.72810496,155.00350000,-228.41580000
0.72826880,155.00350000,-237.17460000
0.72843264,155.00350000,-241.55400000
0.72859648,155.00350000,-232.79520000
0.72876032,150.65460000,-241.55400000
0.72892416,150.65460000,-237.17460000
0.72908800,155.00350000,-241.55400000
0.72925184,150.65460000,-245.93340000
0.72941568,155.00350000,-241.55400000
0.72957952,150.65460000,-250.31280000
0.72974336,155.00350000,-250.31280000
0.72990720,146.30570000,-250.31280000
0.73007104,150.65460000,-250.31280000
0.73023488,150.65460000,-254.69220000
0.73039872,150.65460000,-250.31280000
0.73056256,150.65460000,-254.69220000
0.73072640,155.00350000,-254.69220000
0.73089024,155.00350000,-254.69220000
0.73105408,155.00350000,-254.69220000
0.73121792,155.00350000,-263.45100000
0.73138176,155.00350000,-263.45100000
0.73154560,155.00350000,-254.69220000
0.73170944,155.00350000,-267.83040000
0.73187328,155.00350000,-267.83040000
0.73203712,155.00350000,-267.83040000
0.73220096,150.65460000,-267.83040000
0.73236480,155.00350000,-272.20980000
0.73252864,155.00350000,-272.20980000
0.73269248,155.00350000,-276.58920000
0.73285632,155.00350000,-267.83040000
0.73302016,150.65460000,-272.20980000
0.73318400,155.00350000,-280.95340000
0.73334784,150.65460000,-285.33280000
0.73351168,155.00350000,-276.58920000
0.73367552,150.65460000,-285.33280000
0.73383936,155.00350000,-276.58920000
0.73400320,150.65460000,-285.33280000
0.73416704,155.00350000,-294.09160000
0.73433088,155.00350000,-289.71220000
0.73449472,155.00350000,-289.71220000
0.73465856,150.65460000,-285.33280000
0.73482240,155.00350000,-285.33280000
0.73498624,155.00350000,-289.71220000
0.73515008,155.00350000,-285.33280000
0.73531392,150.65460000,-294.09160000
0.73547776,146.30570000,-294.09160000
0.73564160,155.00350000,-302.85040000
0.73580544,155.00350000,-298.47100000
0.73596928,155.00350000,-294.09160000
0.73613312,155.00350000,-298.47100000
0.73629696,150.65460000,-298.47100000
0.73646080,155.00350000,-307.22980000
0.73662464,155.00350000,-302.85040000
0.73678848,150.65460000,-307.22980000
0.73695232,150.65460000,-302.85040000
0.73711616,150.65460000,-302.85040000
0.73728000,155.00350000,-307.22980000
0.73744384,155.00350000,-311.60920000
0.73760768,150.65460000,-302.85040000
0.73777152,155.00350000,-311.60920000
0.73793536,155.00350000,-311.60920000
0.73809920,150.65460000,-311.60920000
0.73826304,155.00350000,-311.60920000
0.73842688,155.00350000,-307.22980000
0.73859072,155.00350000,-320.36800000
0.73875456,155.00350000,-320.36800000
0.73891840,155.00350000,-320.36800000
0.73908224,155.00350000,-320.36800000
0.73924608,150.65460000,-320.36800000
0.73940992,155.00350000,-320.36800000
0.73957376,155.00350000,-324.74750000
0.73973760,150.65460000,-320.36800000
0.73990144,155.00350000,-311.60920000
0.74006528,155.00350000,-324.74750000
0.74022912,155.00350000,-329.12680000
0.74039296,150.65460000,-329.12680000
0.74055680,155.00350000,-329.12680000
0.74072064,150.65460000,-324.74750000
0.74088448,150.65460000,-324.74750000
0.74104832,150.65460000,-333.49100000
0.74121216,150.65460000,-333.49100000
0.74137600,150.65460000,-329.12680000
0.74153984,150.65460000,-333.49100000
0.74170368,150.65460000,-329.12680000
0.74186752,155.00350000,-337.87040000
0.74203136,155.00350000,-342.24980000
0.74219520,150.65460000,-337.87040000
0.74235904,150.65460000,-337.87040000
0.74252288,155.00350000,-337.87040000
0.74268672,150.65460000,-337.87040000
0.74285056,155.00350000,-333.49100000
0.74301440,155.00350000,-351.00860000
0.74317824,155.00350000,-342.24980000
0.74334208,155.00350000,-346.62920000
0.74350592,155.00350000,-342.24980000
0.74366976,155.00350000,-346.62920000
0.74383360,155.00350000,-346.62920000
0.74399744,155.00350000,-342.24980000
0.74416128,150.65460000,-342.24980000
0.74432512,155.00350000,-355.38800000
0.74448896,150.65460000,-351.00860000
0.74465280,150.65460000,-346.62920000
0.74481664,155.00350000,-346.62920000
0.74498048,155.00350000,-355.38800000
0.74514432,155.00350000,-359.76740000
0.74530816,150.65460000,-359.76740000
0.74547200,155.00350000,-355.38800000
0.74563584,150.65460000,-355.38800000
0.74579968,155.00350000,-351.00860000
0.74596352,155.00350000,-351.00860000
0.74612736,155.00350000,-355.38800000
0.74629120,155.00350000,-359.76740000
0.74645504,155.00350000,-355.38800000
0.74661888,155.00350000,-355.38800000
0.74678272,150.65460000,-355.38800000
0.74694656,155.00350000,-364.14690000
0.74711040,150.65460000,-359.76740000
0.74727424,155.00350000,-359.76740000
0.74743808,155.00350000,-359.76740000
0.74760192,150.65460000,-364.14690000
0.74776576,155.00350000,-364.14690000
0.74792960,150.65460000,-355.38800000
0.74809344,155.00350000,-364.14690000
0.74825728,150.65460000,-359.76740000
0.74842112,155.00350000,-359.76740000
0.74858496,155.00350000,-364.14690000
0.74874880,150.65460000,-364.14690000
0.74891264,155.00350000,-364.14690000
0.74907648,150.65460000,-364.14690000
0.74924032,150.65460000,-359.76740000
0.74940416,155.00350000,-359.76740000
0.74956800,146.30570000,-364.14690000
0.74973184,155.00350000,-368.52620000
0.74989568,150.65460000,-364.14690000
0.75005952,150.65460000,-364.14690000
0.75022336,155.00350000,-368.52620000
0.75038720,150.65460000,-372.90560000
0.75055104,150.65460000,-372.90560000
0.75071488,155.00350000,-364.14690000
0.75087872,150.65460000,-377.28500000
0.75104256,155.00350000,-381.66450000
0.75120640,150.65460000,-377.28500000
0.75137024,146.30570000,-364.14690000
0.75153408,155.00350000,-372.90560000
0.75169792,150.65460000,-372.90560000
0.75186176,150.65460000,-372.90560000
0.75202560,155.00350000,-372.90560000
0.75218944,155.00350000,-372.90560000
0.75235328,150.65460000,-368.52620000
0.75251712,155.00350000,-377.28500000
0.75268096,150.65460000,-372.90560000
0.75284480,146.30570000,-368.52620000
0.75300864,150.65460000,-368.52620000
0.75317248,155.00350000,-372.90560000
0.75333632,150.65460000,-368.52620000
0.75350016,150.65460000,-377.28500000
0.75366400,155.00350000,-381.66450000
0.75382784,155.00350000,-372.90560000
0.75399168,155.00350000,-381.66450000
0.75415552,150.65460000,-377.28500000
0.75431936,150.65460000,-377.28500000
0.75448320,155.00350000,-377.28500000
0.75464704,155.00350000,-368.52620000
0.75481088,155.00350000,-372.90560000
0.75497472,155.00350000,-377.28500000
0.75513856,150.65460000,-377.28500000
0.75530240,150.65460000,-368.52620000
0.75546624,155.00350000,-381.66450000
0.75563008,155.00350000,-381.66450000
0.75579392,155.00350000,-377.28500000
0.75595776,155.00350000,-377.28500000
0.75612160,150.65460000,-372.90560000
0.75628544,150.65460000,-372.90560000
0.75644928,150.65460000,-377.28500000
0.75661312,150.65460000,-368.52620000
0.75677696,155.00350000,-372.90560000
0.75694080,155.00350000,-377.28500000
0.75710464,155.00350000,-381.66450000
0.75726848,155.00350000,-381.66450000
0.75743232,155.00350000,-381.66450000
0.75759616,155.00350000,-372.90560000
0.75776000,150.65460000,-377.28500000
0.75792384,150.65460000,-377.28500000
0.75808768,146.30570000,-372.90560000
0.75825152,150.65460000,-377.28500000
0.75841536,150.65460000,-372.90560000
0.75857920,150.65460000,-377.28500000
0.75874304,155.00350000,-368.52620000
0.75890688,155.00350000,-390.40800000
0.75907072,155.00350000,-386.04390000
0.75923456,155.00350000,-372.90560000
0.75939840,155.00350000,-372.90560000
0.75956224,155.00350000,-372.90560000
0.75972608,155.00350000,-390.40800000
0.75988992,155.00350000,-359.76740000
0.76005376,155.00350000,-377.28500000
0.76021760,150.65460000,-368.52620000
0.76038144,150.65460000,-377.28500000
0.76054528,150.65460000,-381.66450000
0.76070912,150.65460000,-377.28500000
0.76087296,155.00350000,-377.28500000
0.76103680,150.65460000,-372.90560000
0.76120064,150.65460000,-372.90560000
0.76136448,150.65460000,-372.90560000
0.76152832,150.65460000,-372.90560000
0.76169216,150.65460000,-372.90560000
0.76185600,150.65460000,-377.28500000
0.76201984,150.65460000,-372.90560000
0.76218368,155.00350000,-372.90560000
0.76234752,150.65460000,-377.28500000
0.76251136,155.00350000,-368.52620000
0.76267520,155.00350000,-372.90560000
0.76283904,155.00350000,-368.52620000
0.76300288,155.00350000,-364.14690000
0.76316672,155.00350000,-368.52620000
0.76333056,155.00350000,-368.52620000
0.76349440,155.00350000,-372.90560000
0.76365824,155.00350000,-368.52620000
0.76382208,150.65460000,-364.14690000
0.76398592,155.00350000,-368.52620000
0.76414976,150.65460000,-368.52620000
0.76431360,155.00350000,-368.52620000
0.76447744,155.00350000,-372.90560000
0.76464128,155.00350000,-377.28500000
0.76480512,155.00350000,-355.38800000
0.76496896,155.00350000,-368.52620000
0.76513280,155.00350000,-368.52620000
0.76529664,155.00350000,-364.14690000
0.76546048,155.00350000,-364.14690000
0.76562432,155.00350000,-359.76740000
0.76578816,150.65460000,-359.76740000
0.76595200,150.65460000,-359.76740000
0.76611584,155.00350000,-359.76740000
0.76627968,155.00350000,-359.76740000
0.76644352,155.00350000,-359.76740000
0.76660736,155.00350000,-355.38800000
0.76677120,146.30570000,-368.52620000
0.76693504,150.65460000,-364.14690000
0.76709888,155.00350000,-359.76740000
0.76726272,155.00350000,-351.00860000
0.76742656,150.65460000,-359.76740000
0.76759040,150.65460000,-359.76740000
0.76775424,155.00350000,-355.38800000
0.76791808,155.00350000,-359.76740000
0.76808192,150.65460000,-346.62920000
0.76824576,146.30570000,-364.14690000
0.76840960,150.65460000,-351.00860000
0.76857344,155.00350000,-355.38800000
0.76873728,155.00350000,-355.38800000
0.76890112,155.00350000,-355.38800000
0.76906496,150.65460000,-355.38800000
0.76922880,155.00350000,-346.62920000
0.76939264,150.65460000,-355.38800000
0.76955648,150.65460000,-355.38800000
0.76972032,150.65460000,-351.00860000
0.76988416,155.00350000,-355.38800000
0.77004800,155.00350000,-342.24980000
0.77021184,155.00350000,-346.62920000
0.77037568,150.65460000,-342.24980000
0.77053952,150.65460000,-346.62920000
0.77070336,155.00350000,-351.00860000
0.77086720,150.65460000,-342.24980000
0.77103104,155.00350000,-346.62920000
0.77119488,150.65460000,-351.00860000
0.77135872,150.65460000,-342.24980000
0.77152256,155.00350000,-337.87040000
0.77168640,155.00350000,-342.24980000
0.77185024,150.65460000,-333.49100000
0.77201408,155.00350000,-337.87040000
0.77217792,155.00350000,-337.87040000
0.77234176,150.65460000,-337.87040000
0.77250560,155.00350000,-342.24980000
0.77266944,150.65460000,-324.74750000
0.77283328,150.65460000,-329.12680000
0.77299712,155.00350000,-324.74750000
0.77316096,150.65460000,-320.36800000
0.77332480,155.00350000,-324.74750000
0.77348864,155.00350000,-329.12680000
0.77365248,150.65460000,-329.12680000
0.77381632,150.65460000,-329.12680000
0.77398016,155.00350000,-324.74750000
0.77414400,155.00350000,-320.36800000
0.77430784,150.65460000,-320.36800000
0.77447168,155.00350000,-320.36800000
0.77463552,150.65460000,-320.36800000
0.77479936,155.00350000,-320.36800000
0.77496320,155.00350000,-315.98860000
0.77512704,155.00350000,-320.36800000
0.77529088,155.00350000,-315.98860000
0.77545472,150.65460000,-320.36800000
0.77561856,155.00350000,-320.36800000
0.77578240,150.65460000,-315.98860000
0.77594624,155.00350000,-315.98860000
0.77611008,150.65460000,-320.36800000
0.77627392,155.00350000,-307.22980000
0.77643776,146.30570000,-315.98860000
0.77660160,155.00350000,-298.47100000
0.77676544,150.65460000,-311.60920000
0.77692928,155.00350000,-307.22980000
0.77709312,150.65460000,-315.98860000
0.77725696,150.65460000,-307.22980000
0.77742080,150.65460000,-298.47100000
0.77758464,155.00350000,-298.47100000
0.77774848,150.65460000,-302.85040000
0.77791232,155.00350000,-302.85040000
0.77807616,150.65460000,-298.47100000
0.77824000,155.00350000,-298.47100000
0.77840384,150.65460000,-302.85040000
0.77856768,155.00350000,-289.71220000
0.77873152,155.00350000,-298.47100000
0.77889536,155.00350000,-294.09160000
0.77905920,150.65460000,-289.71220000
0.77922304,155.00350000,-289.71220000
0.77938688,155.00350000,-285.33280000
0.77955072,155.00350000,-289.71220000
0.77971456,155.00350000,-289.71220000
0.77987840,150.65460000,-285.33280000
0.78004224,155.00350000,-285.33280000
0.78020608,155.00350000,-289.71220000
0.78036992,155.00350000,-280.95340000
0.78053376,155.00350000,-285.33280000
0.78069760,150.65460000,-276.58920000
0.78086144,155.00350000,-272.20980000
0.78102528,155.00350000,-272.20980000
0.78118912,150.65460000,-272.20980000
0.78135296,150.65460000,-272.20980000
0.78151680,150.65460000,-272.20980000
0.78168064,150.65460000,-272.20980000
0.78184448,155.00350000,-272.20980000
0.78200832,150.65460000,-267.83040000
0.78217216,155.00350000,-272.20980000
0.78233600,155.00350000,-263.45100000
0.78249984,150.65460000,-259.07160000
0.78266368,150.65460000,-259.07160000
0.78282752,155.00350000,-263.45100000
0.78299136,155.00350000,-259.07160000
0.78315520,150.65460000,-259.07160000
0.78331904,155.00350000,-259.07160000
0.78348288,150.65460000,-250.31280000
0.78364672,150.65460000,-259.07160000
0.78381056,155.00350000,-254.69220000
0.78397440,155.00350000,-250.31280000
0.78413824,155.00350000,-250.31280000
0.78430208,150.65460000,-241.55400000
0.78446592,150.65460000,-250.31280000
0.78462976,150.65460000,-237.17460000
0.78479360,155.00350000,-245.93340000
0.78495744,150.65460000,-232.79520000
0.78512128,155.00350000,-241.55400000
0.78528512,155.00350000,-241.55400000
0.78544896,150.65460000,-241.55400000
0.78561280,155.00350000,-237.17460000
0.78577664,155.00350000,-232.79520000
0.78594048,155.00350000,-228.41580000
0.78610432,150.65460000,-232.79520000
0.78626816,150.65460000,-228.41580000
0.78643200,155.00350000,-224.03640000
0.78659584,155.00350000,-219.67220000
0.78675968,150.65460000,-228.41580000
0.78692352,155.00350000,-219.67220000
0.78708736,155.00350000,-215.29280000
0.78725120,150.65460000,-219.67220000
0.78741504,150.65460000,-224.03640000
0.78757888,150.65460000,-219.67220000
0.78774272,150.65460000,-206.53400000
0.78790656,155.00350000,-219.67220000
0.78807040,155.00350000,-210.91340000
0.78823424,150.65460000,-215.29280000
0.78839808,150.65460000,-202.15460000
0.78856192,150.65460000,-215.29280000
0.78872576,150.65460000,-202.15460000
0.78888960,155.00350000,-206.53400000
0.78905344,155.00350000,-202.15460000
0.78921728,155.00350000,-202.15460000
0.78938112,150.65460000,-206.53400000
0.78954496,150.65460000,-193.39580000
0.78970880,150.65460000,-197.77520000
0.78987264,155.00350000,-197.77520000
0.79003648,155.00350000,-189.01640000
0.79020032,155.00350000,-189.01640000
0.79036416,155.00350000,-184.63700000
0.79052800,150.65460000,-180.25760000
0.79069184,150.65460000,-193.39580000
0.79085568,155.00350000,-184.63700000
0.79101952,155.00350000,-180.25760000
0.79118336,155.00350000,-175.87820000
0.79134720,150.65460000,-180.25760000
0.79151104,150.65460000,-184.63700000
0.79167488,155.00350000,-180.25760000
0.79183872,150.65460000,-175.87820000
0.79200256,146.30570000,-162.75520000
0.79216640,155.00350000,-167.11930000
0.79233024,155.00350000,-162.75520000
0.79249408,155.00350000,-171.49870000
0.79265792,155.00350000,-162.75520000
0.79282176,155.00350000,-162.75520000
0.79298560,150.65460000,-158.37580000
0.79314944,150.65460000,-158.37580000
0.79331328,150.65460000,-158.37580000
0.79347712,150.65460000,-158.37580000
0.79364096,150.65460000,-153.99640000
0.79380480,150.65460000,-149.61700000
0.79396864,150.65460000,-158.37580000
0.79413248,150.65460000,-153.99640000
0.79429632,150.65460000,-149.61700000
0.79446016,155.00350000,-145.23760000
0.79462400,155.00350000,-140.85820000
0.79478784,150.65460000,-145.23760000
0.79495168,150.65460000,-145.23760000
0.79511552,155.00350000,-136.47880000
0.79527936,155.00350000,-140.85820000
0.79544320,155.00350000,-136.47880000
0.79560704,155.00350000,-132.09940000
0.79577088,155.00350000,-123.34050000
0.79593472,155.00350000,-127.72000000
0.79609856,150.65460000,-123.34050000
0.79626240,150.65460000,-123.34050000
0.79642624,155.00350000,-123.34050000
0.79659008,150.65460000,-123.34050000
0.79675392,150.65460000,-118.96110000
0.79691776,150.65460000,-114.58170000
0.79708160,150.65460000,-123.34050000
0.79724544,150.65460000,-114.58170000
0.79740928,150.65460000,-110.20230000
0.79757312,155.00350000,-114.58170000
0.79773696,150.65460000,-110.20230000
0.79790080,150.65460000,-110.20230000
0.79806464,155.00350000,-110.20230000
0.79822848,155.00350000,-101.45880000
0.79839232,155.00350000,-97.07938000
0.79855616,155.00350000,-101.45880000
0.79872000,150.65460000,-92.69997000
0.79888384,150.65460000,-88.32056000
0.79904768,155.00350000,-88.32056000
0.79921152,150.65460000,-88.32056000
0.79937536,155.00350000,-97.07938000
0.79953920,150.65460000,-88.32056000
0.79970304,155.00350000,-88.32056000
0.79986688,155.00350000,-79.56175000
0.80003072,155.00350000,-79.56175000
0.80019456,155.00350000,-79.56175000
0.80035840,155.00350000,-79.56175000
0.80052224,155.00350000,-70.80294000
0.80068608,150.65460000,-79.56175000
0.80084992,155.00350000,-70.80294000
0.80101376,146.30570000,-79.56175000
0.80117760,150.65460000,-75.18234000
0.80134144,150.65460000,-66.42353000
0.80150528,150.65460000,-62.04412000
0.80166912,150.65460000,-62.04412000
0.80183296,155.00350000,-62.04412000
0.80199680,150.65460000,-62.04412000
0.80216064,150.65460000,-57.66472000
0.80232448,150.65460000,-53.28531000
0.80248832,155.00350000,-44.54176000
0.80265216,155.00350000,-48.92117000
0.80281600,155.00350000,-48.92117000
0.80297984,155.00350000,-44.54176000
0.80314368,146.30570000,-44.54176000
0.80330752,150.65460000,-48.92117000
0.80347136,150.65460000,-48.92117000
0.80363520,150.65460000,-40.16236000
0.80379904,146.30570000,-31.40354000
0.80396288,150.65460000,-31.40354000
0.80412672,150.65460000,-31.40354000
0.80429056,155.00350000,-31.40354000
0.80445440,150.65460000,-31.40354000
0.80461824,150.65460000,-35.78295000
0.80478208,155.00350000,-27.02414000
0.80494592,155.00350000,-27.02414000
0.80510976,159.35240000,-22.64473000
0.80527360,155.00350000,-22.64473000
0.80543744,155.00350000,-18.26533000
0.80560128,150.65460000,-18.26533000
0.80576512,146.30570000,-9.50651600
0.80592896,150.65460000,-18.26533000
0.80609280,155.00350000,-5.12710900
0.80625664,155.00350000,-9.50651600
0.80642048,155.00350000,-9.50651600
0.80658432,155.00350000,-5.12710900
0.80674816,150.65460000,-5.12710900
0.80691200,155.00350000,-0.74770340
0.80707584,155.00350000,3.61644300
0.80723968,150.65460000,7.98059000
0.80740352,155.00350000,7.98059000
0.80756736,155.00350000,12.36000000
0.80773120,155.00350000,16.73940000
0.80789504,155.00350000,12.36000000
0.80805888,155.00350000,16.73940000
0.80822272,150.65460000,25.49821000
0.80838656,150.65460000,21.11881000
0.80855040,150.65460000,25.49821000
0.80871424,150.65460000,25.49821000
0.80887808,155.00350000,25.49821000
0.80904192,155.00350000,25.49821000
0.80920576,150.65460000,25.49821000
0.80936960,150.65460000,25.49821000
0.80953344,155.00350000,38.63643000
0.80969728,146.30570000,29.87762000
0.80986112,150.65460000,38.63643000
0.81002496,155.00350000,43.01583000
0.81018880,155.00350000,38.63643000
0.81035264,155.00350000,47.39524000
0.81051648,155.00350000,43.01583000
0.81068032,159.35240000,47.39524000
0.81084416,155.00350000,47.39524000
0.81100800,150.65460000,47.39524000
0.81117184,150.65460000,51.77465000
0.81133568,150.65460000,51.77465000
0.81149952,146.30570000,51.77465000
0.81166336,155.00350000,56.15405000
0.81182720,155.00350000,60.51820000
0.81199104,155.00350000,60.51820000
0.81215488,155.00350000,60.51820000
0.81231872,155.00350000,60.51820000
0.81248256,155.00350000,64.89761000
0.81264640,150.65460000,64.89761000
0.81281024,150.65460000,64.89761000
0.81297408,150.65460000,69.27702000
0.81313792,150.65460000,64.89761000
0.81330176,155.00350000,78.03583000
0.81346560,155.00350000,82.41523000
0.81362944,155.00350000,78.03583000
0.81379328,155.00350000,78.03583000
0.81395712,150.65460000,78.03583000
0.81412096,155.00350000,82.41523000
0.81428480,155.00350000,86.79464000
0.81444864,150.65460000,91.17404000
0.81461248,150.65460000,91.17404000
0.81477632,150.65460000,91.17404000
0.81494016,155.00350000,91.17404000
0.81510400,155.00350000,95.55344000
0.81526784,159.35240000,99.93285000
0.81543168,155.00350000,99.93285000
0.81559552,155.00350000,104.31230000
0.81575936,150.65460000,104.31230000
0.81592320,150.65460000,99.93285000
0.81608704,150.65460000,108.69170000
0.81625088,150.65460000,113.07110000
0.81641472,155.00350000,108.69170000
0.81657856,155.00350000,121.81460000
0.81674240,150.65460000,117.43520000
0.81690624,150.65460000,117.43520000
0.81707008,150.65460000,126.19400000
0.81723392,155.00350000,126.19400000
0.81739776,150.65460000,126.19400000
0.81756160,155.00350000,117.43520000
0.81772544,155.00350000,134.95280000
0.81788928,155.00350000,126.19400000
0.81805312,150.65460000,130.57340000
0.81821696,150.65460000,130.57340000
0.81838080,150.65460000,134.95280000
0.81854464,146.30570000,134.95280000
0.81870848,146.30570000,134.95280000
0.81887232,150.65460000,139.33220000
0.81903616,155.00350000,143.71170000
0.81920000,159.35240000,143.71170000
0.81936384,155.00350000,152.47050000
0.81952768,155.00350000,148.09100000
0.81969152,150.65460000,148.09100000
0.81985536,150.65460000,152.47050000
0.82001920,146.30570000,152.47050000
0.82018304,150.65460000,152.47050000
0.82034688,155.00350000,156.84990000
0.82051072,150.65460000,156.84990000
0.82067456,150.65460000,156.84990000
0.82083840,150.65460000,156.84990000
0.82100224,155.00350000,165.60870000
0.82116608,155.00350000,161.22930000
0.82132992,155.00350000,165.60870000
0.82149376,146.30570000,165.60870000
0.82165760,150.65460000,165.60870000
0.82182144,150.65460000,165.60870000
0.82198528,155.00350000,174.35220000
0.82214912,155.00350000,174.35220000
0.82231296,155.00350000,174.35220000
0.82247680,150.65460000,183.11100000
0.82264064,150.65460000,169.98810000
0.82280447,155.00350000,183.11100000
0.82296831,163.70130000,183.11100000
0.82313215,155.00350000,187.49040000
0.82329599,150.65460000,187.49040000
0.82345983,150.65460000,191.86990000
0.82362367,155.00350000,187.49040000
0.82378751,155.00350000,187.49040000
0.82395135,155.00350000,196.24930000
0.82411519,155.00350000,191.86990000
0.82427903,155.00350000,205.00810000
0.82444287,155.00350000,191.86990000
0.82460671,159.35240000,200.62870000
0.82477055,155.00350000,205.00810000
0.82493439,159.35240000,200.62870000
0.82509823,155.00350000,200.62870000
0.82526207,155.00350000,200.62870000
0.82542591,150.65460000,209.38750000
0.82558975,155.00350000,205.00810000
0.82575359,155.00350000,205.00810000
0.82591743,155.00350000,218.14630000
0.82608127,155.00350000,205.00810000
0.82624511,155.00350000,218.14630000
0.82640895,155.00350000,218.14630000
0.82657279,155.00350000,226.90510000
0.82673663,159.35240000,218.14630000
0.82690047,155.00350000,218.14630000
0.82706431,155.00350000,226.90510000
0.82722815,159.35240000,226.90510000
0.82739199,150.65460000,226.90510000
0.82755583,155.00350000,226.90510000
0.82771967,150.65460000,231.26930000
0.82788351,150.65460000,226.90510000
0.82804735,155.00350000,235.64870000
0.82821119,155.00350000,244.40750000
0.82837503,146.30570000,235.64870000
0.82853887,146.30570000,235.64870000
0.82870271,146.30570000,235.64870000
0.82886655,150.65460000,240.02810000
0.82903039,155.00350000,235.64870000
0.82919423,155.00350000,235.64870000
0.82935807,155.00350000,240.02810000
0.82952191,155.00350000,248.78690000
0.82968575,155.00350000,248.78690000
0.82984959,150.65460000,244.40750000
0.83001343,150.65460000,244.40750000
0.83017727,150.65460000,257.54570000
0.83034111,146.30570000,261.92510000
0.83050495,146.30570000,253.16630000
0.83066879,155.00350000,257.54570000
0.83083263,159.35240000,253.16630000
0.83099647,155.00350000,261.92510000
0.83116031,150.65460000,261.92510000
0.83132415,146.30570000,261.92510000
0.83148799,150.65460000,266.30450000
0.83165183,155.00350000,266.30450000
0.83181567,159.35240000,275.06330000
0.83197951,155.00350000,270.68390000
0.83214335,150.65460000,266.30450000
0.83230719,146.30570000,275.06330000
0.83247103,150.65460000,275.06330000
0.83263487,155.00350000,275.06330000
0.83279871,159.35240000,275.06330000
0.83296255,155.00350000,275.06330000
0.83312639,150.65460000,279.44270000
0.83329023,146.30570000,288.18630000
0.83345407,155.00350000,275.06330000
0.83361791,155.00350000,279.44270000
0.83378175,159.35240000,275.06330000
0.83394559,155.00350000,288.18630000
0.83410943,146.30570000,292.56570000
0.83427327,150.65460000,279.44270000
0.83443711,150.65460000,288.18630000
0.83460095,155.00350000,283.82210000
0.83476479,155.00350000,288.18630000
0.83492863,150.65460000,292.56570000
0.83509247,146.30570000,296.94510000
0.83525631,150.65460000,288.18630000
0.83542015,155.00350000,292.56570000
0.83558399,150.65460000,301.32450000
0.83574783,141.95680000,301.32450000
0.83591167,150.65460000,292.56570000
0.83607551,159.35240000,301.32450000
0.83623935,155.00350000,296.94510000
0.83640319,146.30570000,310.08330000
0.83656703,146.30570000,305.70390000
0.83673087,150.65460000,305.70390000
0.83689471,155.00350000,305.70390000
0.83705855,150.65460000,301.32450000
0.83722239,150.65460000,310.08330000
0.83738623,155.00350000,310.08330000
0.83755007,150.65460000,310.08330000
0.83771391,146.30570000,310.08330000
0.83787775,155.00350000,310.08330000
0.83804159,155.00350000,310.08330000
0.83820543,146.30570000,318.84210000
0.83836927,155.00350000,318.84210000
0.83853311,155.00350000,318.84210000
0.83869695,146.30570000,323.22150000
0.83886079,150.65460000,318.84210000
0.83902463,155.00350000,314.46270000
0.83918847,150.65460000,323.22150000
0.83935231,159.35240000,318.84210000
0.83951615,155.00350000,327.60090000
0.83967999,146.30570000,318.84210000
0.83984383,155.00350000,336.35970000
0.84000767,150.65460000,327.60090000
0.84017151,155.00350000,323.22150000
0.84033535,155.00350000,331.98030000
0.84049919,141.95680000,336.35970000
0.84066303,159.35240000,327.60090000
0.84082687,150.65460000,323.22150000
0.84099071,146.30570000,340.72390000
0.84115455,159.35240000,327.60090000
0.84131839,150.65460000,327.60090000
0.84148223,155.00350000,331.98030000
0.84164607,159.35240000,340.72390000
0.84180991,141.95680000,340.72390000
0.84197375,159.35240000,340.72390000
0.84213759,150.65460000,331.98030000
0.84230143,155.00350000,340.72390000
0.84246527,155.00350000,340.72390000
0.84262911,146.30570000,336.35970000
0.84279295,155.00350000,345.10330000
0.84295679,146.30570000,340.72390000
0.84312063,159.35240000,340.72390000
0.84328447,150.65460000,345.10330000
0.84344831,155.00350000,345.10330000
0.84361215,150.65460000,345.10330000
0.84377599,150.65460000,345.10330000
0.84393983,155.00350000,345.10330000
0.84410367,146.30570000,349.48270000
0.84426751,155.00350000,349.48270000
0.84443135,137.62320000,345.10330000
0.84459519,155.00350000,353.86210000
0.84475903,137.62320000,353.86210000
0.84492287,155.00350000,353.86210000
0.84508671,146.30570000,345.10330000
0.84525055,155.00350000,353.86210000
0.84541439,141.95680000,349.48270000
0.84557823,155.00350000,353.86210000
0.84574207,146.30570000,362.62090000
0.84590591,150.65460000,358.24150000
0.84606975,155.00350000,353.86210000
0.84623359,155.00350000,353.86210000
0.84639743,159.35240000,349.48270000
0.84656127,141.95680000,353.86210000
0.84672511,163.70130000,345.10330000
0.84688895,146.30570000,358.24150000
0.84705279,150.65460000,362.62090000
0.84721663,155.00350000,358.24150000
0.84738047,141.95680000,358.24150000
0.84754431,168.05020000,362.62090000
0.84770815,146.30570000,353.86210000
0.84787199,155.00350000,367.00030000
0.84803583,159.35240000,362.62090000
0.84819967,141.95680000,371.37970000
0.84836351,163.70130000,358.24150000
0.84852735,155.00350000,362.62090000
0.84869119,150.65460000,362.62090000
0.84885503,163.70130000,371.37970000
0.84901887,146.30570000,371.37970000
0.84918271,146.30570000,375.75910000
0.84934655,163.70130000,375.75910000
0.84951039,137.62320000,375.75910000
0.84967423,146.30570000,367.00030000
0.84983807,163.70130000,367.00030000
0.85000191,137.62320000,367.00030000
0.85016575,150.65460000,375.75910000
0.85032959,163.70130000,371.37970000
0.85049343,141.95680000,367.00030000
0.85065727,155.00350000,371.37970000
0.85082111,155.00350000,371.37970000
0.85098495,137.62320000,371.37970000
0.85114879,155.00350000,371.37970000
0.85131263,159.35240000,371.37970000
0.85147647,141.95680000,371.37970000
0.85164031,155.00350000,371.37970000
0.85180415,163.70130000,375.75910000
0.85196799,146.30570000,375.75910000
0.85213183,150.65460000,375.75910000
0.85229567,168.05020000,375.75910000
0.85245951,150.65460000,375.75910000
0.85262335,141.95680000,375.75910000
0.85278719,159.35240000,375.75910000
0.85295103,159.35240000,371.37970000
0.85311487,141.95680000,371.37970000
0.85327871,141.95680000,375.75910000
0.85344255,159.35240000,380.13850000
0.85360639,163.70130000,380.13850000
0.85377023,150.65460000,371.37970000
0.85393407,137.62320000,380.13850000
0.85409791,155.00350000,380.13850000
0.85426175,168.05020000,371.37970000
0.85442559,159.35240000,375.75910000
0.85458943,150.65460000,384.51790000
0.85475327,141.95680000,375.75910000
0.85491711,146.30570000,384.51790000
0.85508095,163.70130000,375.75910000
0.85524479,172.39900000,371.37970000
0.85540863,159.35240000,375.75910000
0.85557247,150.65460000,375.75910000
0.85573631,137.62320000,380.13850000
0.85590015,137.62320000,380.13850000
0.85606399,137.62320000,371.37970000
0.85622783,141.95680000,380.13850000
0.85639167,163.70130000,380.13850000
0.85655551,163.70130000,375.75910000
0.85671935,172.39900000,371.37970000
0.85688319,168.05020000,367.00030000
0.85704703,163.70130000,375.75910000
0.85721087,155.00350000,375.75910000
0.85737471,146.30570000,375.75910000
0.85753855,141.95680000,375.75910000
0.85770239,137.62320000,375.75910000
0.85786623,137.62320000,380.13850000
0.85803007,133.27430000,380.13850000
0.85819391,137.62320000,380.13850000
0.85835775,141.95680000,380.13850000
0.85852159,150.65460000,380.13850000
0.85868543,155.00350000,380.13850000
0.85884927,159.35240000,375.75910000
0.85901311,168.05020000,380.13850000
0.85917695,168.05020000,375.75910000
0.85934079,168.05020000,375.75910000
0.85950463,168.05020000,375.75910000
0.85966847,168.05020000,384.51790000
0.85983231,163.70130000,375.75910000
0.85999615,163.70130000,380.13850000
0.86015999,150.65460000,380.13850000
0.86032383,150.65460000,380.13850000
0.86048767,146.30570000,380.13850000
0.86065151,141.95680000,380.13850000
0.86081535,146.30570000,371.37970000
0.86097919,137.62320000,375.75910000
0.86114303,133.27430000,384.51790000
0.86130687,137.62320000,375.75910000
0.86147071,137.62320000,371.37970000
0.86163455,133.27430000,375.75910000
0.86179839,137.62320000,380.13850000
0.86196223,137.62320000,380.13850000
0.86212607,137.62320000,371.37970000
0.86228991,137.62320000,371.37970000
0.86245375,137.62320000,371.37970000
0.86261759,137.62320000,371.37970000
0.86278143,141.95680000,375.75910000
0.86294527,150.65460000,375.75910000
0.86310911,155.00350000,371.37970000
0.86327295,163.70130000,375.75910000
0.86343679,172.39900000,371.37970000
0.86360063,172.39900000,362.62090000
0.86376447,168.05020000,362.62090000
0.86392831,146.30570000,367.00030000
0.86409215,137.62320000,367.00030000
0.86425599,137.62320000,362.62090000
0.86441983,146.30570000,367.00030000
0.86458367,159.35240000,367.00030000
0.86474751,168.05020000,362.62090000
0.86491135,155.00350000,371.37970000
0.86507519,141.95680000,362.62090000
0.86523903,137.62320000,367.00030000
0.86540287,155.00350000,367.00030000
0.86556671,172.39900000,358.24150000
0.86573055,159.35240000,362.62090000
0.86589439,141.95680000,367.00030000
0.86605823,141.95680000,358.24150000
0.86622207,155.00350000,358.24150000
0.86638591,163.70130000,367.00030000
0.86654975,159.35240000,367.00030000
0.86671359,141.95680000,358.24150000
0.86687743,133.27430000,358.24150000
0.86704127,159.35240000,358.24150000
0.86720511,172.39900000,362.62090000
0.86736895,155.00350000,358.24150000
0.86753279,137.62320000,358.24150000
0.86769663,141.95680000,362.62090000
0.86786047,159.35240000,358.24150000
0.86802431,159.35240000,353.86210000
0.86818815,141.95680000,349.48270000
0.86835199,137.62320000,358.24150000
0.86851583,155.00350000,353.86210000
0.86867967,163.70130000,353.86210000
0.86884351,163.70130000,345.10330000
0.86900735,146.30570000,353.86210000
0.86917119,141.95680000,358.24150000
0.86933503,159.35240000,349.48270000
0.86949887,163.70130000,345.10330000
0.86966271,146.30570000,353.86210000
0.86982655,137.62320000,340.72390000
0.86999039,155.00350000,345.10330000
0.87015423,168.05020000,340.72390000
0.87031807,155.00350000,345.10330000
0.87048191,137.62320000,345.10330000
0.87064575,150.65460000,353.86210000
0.87080959,168.05020000,345.10330000
0.87097343,150.65460000,353.86210000
0.87113727,137.62320000,349.48270000
0.87130111,155.00350000,340.72390000
0.87146495,159.35240000,340.72390000
0.87162879,141.95680000,331.98030000
0.87179263,155.00350000,340.72390000
0.87195647,163.70130000,340.72390000
0.87212031,137.62320000,331.98030000
0.87228415,150.65460000,340.72390000
0.87244799,163.70130000,336.35970000
0.87261183,146.30570000,331.98030000
0.87277567,155.00350000,340.72390000
0.87293951,159.35240000,340.72390000
0.87310335,141.95680000,331.98030000
0.87326719,159.35240000,327.60090000
0.87343103,150.65460000,327.60090000
0.87359487,155.00350000,327.60090000
0.87375871,150.65460000,331.98030000
0.87392255,146.30570000,318.84210000
0.87408639,163.70130000,327.60090000
0.87425023,137.62320000,327.60090000
0.87441407,155.00350000,323.22150000
0.87457791,146.30570000,318.84210000
0.87474175,155.00350000,323.22150000
0.87490559,150.65460000,318.84210000
0.87506943,155.00350000,323.22150000
0.87523327,159.35240000,323.22150000
0.87539711,150.65460000,314.46270000
0.87556095,155.00350000,323.22150000
0.87572479,146.30570000,318.84210000
0.87588863,155.00350000,310.08330000
0.87605247,141.95680000,310.08330000
0.87621631,159.35240000,310.08330000
0.87638015,141.95680000,310.08330000
0.87654399,159.35240000,305.70390000
0.87670783,146.30570000,310.08330000
0.87687167,159.35240000,305.70390000
0.87703551,146.30570000,310.08330000
0.87719935,159.35240000,305.70390000
0.87736319,146.30570000,310.08330000
0.87752703,159.35240000,301.32450000
0.87769087,150.65460000,301.32450000
0.87785471,159.35240000,296.94510000
0.87801855,146.30570000,296.94510000
0.87818239,155.00350000,305.70390000
0.87834623,146.30570000,305.70390000
0.87851007,155.00350000,301.32450000
0.87867391,146.30570000,296.94510000
0.87883775,159.35240000,296.94510000
0.87900159,150.65460000,292.56570000
0.87916543,155.00350000,292.56570000
0.87932927,150.65460000,301.32450000
0.87949311,155.00350000,292.56570000
0.87965695,155.00350000,292.56570000
0.87982079,159.35240000,292.56570000
0.87998463,137.62320000,292.56570000
0.88014847,155.00350000,292.56570000
0.88031231,146.30570000,283.82210000
0.88047615,155.00350000,279.44270000
0.88063999,146.30570000,275.06330000
0.88080383,168.05020000,288.18630000
0.88096767,150.65460000,279.44270000
0.88113151,146.30570000,275.06330000
0.88129535,159.35240000,279.44270000
0.88145919,150.65460000,275.06330000
0.88162303,163.70130000,266.30450000
0.88178687,141.95680000,270.68390000
0.88195071,150.65460000,270.68390000
0.88211455,155.00350000,270.68390000
0.88227839,141.95680000,275.06330000
0.88244223,155.00350000,266.30450000
0.88260607,155.00350000,266.30450000
0.88276991,150.65460000,261.92510000
0.88293375,155.00350000,261.92510000
0.88309759,150.65460000,266.30450000
0.88326143,146.30570000,257.54570000
0.88342527,155.00350000,253.16630000
0.88358911,155.00350000,240.02810000
0.88375295,146.30570000,248.78690000
0.88391679,155.00350000,244.40750000
0.88408063,155.00350000,253.16630000
0.88424447,146.30570000,248.78690000
0.88440831,155.00350000,248.78690000
0.88457215,159.35240000,244.40750000
0.88473599,155.00350000,248.78690000
0.88489983,146.30570000,240.02810000
0.88506367,155.00350000,240.02810000
0.88522751,155.00350000,244.40750000
0.88539135,150.65460000,240.02810000
0.88555519,146.30570000,231.26930000
0.88571903,155.00350000,231.26930000
0.88588287,155.00350000,240.02810000
0.88604671,150.65460000,226.90510000
0.88621055,150.65460000,226.90510000
0.88637439,155.00350000,235.64870000
0.88653823,155.00350000,222.52570000
0.88670207,146.30570000,222.52570000
0.88686591,146.30570000,226.90510000
0.88702975,155.00350000,222.52570000
0.88719359,159.35240000,218.14630000
0.88735743,150.65460000,218.14630000
0.88752127,150.65460000,213.76690000
0.88768511,150.65460000,213.76690000
0.88784895,155.00350000,213.76690000
0.88801279,155.00350000,213.76690000
0.88817663,150.65460000,213.76690000
0.88834047,155.00350000,209.38750000
0.88850431,155.00350000,209.38750000
0.88866815,150.65460000,218.14630000
0.88883199,150.65460000,209.38750000
0.88899583,150.65460000,200.62870000
0.88915967,155.00350000,205.00810000
0.88932351,155.00350000,205.00810000
0.88948735,146.30570000,205.00810000
0.88965119,141.95680000,200.62870000
0.88981503,155.00350000,191.86990000
0.88997887,159.35240000,200.62870000
0.89014271,155.00350000,196.24930000
0.89030655,146.30570000,191.86990000
0.89047039,150.65460000,191.86990000
0.89063423,155.00350000,187.49040000
0.89079807,155.00350000,178.73160000
0.89096191,155.00350000,187.49040000
0.89112575,155.00350000,183.11100000
0.89128959,141.95680000,183.11100000
0.89145343,150.65460000,183.11100000
0.89161727,150.65460000,178.73160000
0.89178111,155.00350000,178.73160000
0.89194495,155.00350000,178.73160000
0.89210879,155.00350000,169.98810000
0.89227263,155.00350000,169.98810000
0.89243647,150.65460000,165.60870000
0.89260031,155.00350000,161.22930000
0.89276415,150.65460000,174.35220000
0.89292799,150.65460000,152.47050000
0.89309183,146.30570000,161.22930000
0.89325567,150.65460000,156.84990000
0.89341951,150.65460000,156.84990000
0.89358335,155.00350000,156.84990000
0.89374719,155.00350000,156.84990000
0.89391103,155.00350000,143.71170000
0.89407487,155.00350000,143.71170000
0.89423871,155.00350000,143.71170000
0.89440255,155.00350000,143.71170000
0.89456639,155.00350000,143.71170000
0.89473023,150.65460000,139.33220000
0.89489407,150.65460000,134.95280000
0.89505791,150.65460000,148.09100000
0.89522175,146.30570000,130.57340000
0.89538559,146.30570000,139.33220000
0.89554943,146.30570000,134.95280000
0.89571327,155.00350000,130.57340000
0.89587711,155.00350000,134.95280000
0.89604095,155.00350000,126.19400000
0.89620479,155.00350000,121.81460000
0.89636863,150.65460000,121.81460000
0.89653247,150.65460000,126.19400000
0.89669631,155.00350000,121.81460000
0.89686015,155.00350000,117.43520000
0.89702399,155.00350000,113.07110000
0.89718783,155.00350000,117.43520000
0.89735167,155.00350000,117.43520000
0.89751551,155.00350000,104.31230000
0.89767935,159.35240000,104.31230000
0.89784319,155.00350000,108.69170000
0.89800703,155.00350000,113.07110000
0.89817087,155.00350000,99.93285000
0.89833471,155.00350000,95.55344000
0.89849855,150.65460000,95.55344000
0.89866239,155.00350000,95.55344000
0.89882623,155.00350000,91.17404000
0.89899007,155.00350000,95.55344000
0.89915391,155.00350000,95.55344000
0.89931775,155.00350000,95.55344000
0.89948159,150.65460000,82.41523000
0.89964543,155.00350000,86.79464000
0.89980927,150.65460000,82.41523000
0.89997311,150.65460000,82.41523000
0.90013695,150.65460000,86.79464000
0.90030079,150.65460000,82.41523000
0.90046463,146.30570000,82.41523000
0.90062847,150.65460000,73.65642000
0.90079231,150.65460000,64.89761000
0.90095615,150.65460000,73.65642000
0.90111999,146.30570000,64.89761000
0.90128383,150.65460000,64.89761000
0.90144767,155.00350000,64.89761000
0.90161151,155.00350000,56.15405000
0.90177535,155.00350000,64.89761000
0.90193919,155.00350000,60.51820000
0.90210303,155.00350000,64.89761000
0.90226687,155.00350000,51.77465000
0.90243071,155.00350000,51.77465000
0.90259455,146.30570000,56.15405000
0.90275839,150.65460000,47.39524000
0.90292223,155.00350000,47.39524000
0.90308607,146.30570000,51.77465000
0.90324991,146.30570000,43.01583000
0.90341375,146.30570000,38.63643000
0.90357759,150.65460000,43.01583000
0.90374143,155.00350000,43.01583000
0.90390527,150.65460000,43.01583000
0.90406911,150.65460000,47.39524000
0.90423295,159.35240000,29.87762000
0.90439679,155.00350000,25.49821000
0.90456063,155.00350000,29.87762000
0.90472447,155.00350000,25.49821000
0.90488831,155.00350000,21.11881000
0.90505215,150.65460000,29.87762000
0.90521599,146.30570000,21.11881000
0.90537983,150.65460000,25.49821000
0.90554367,146.30570000,16.73940000
0.90570751,150.65460000,16.73940000
0.90587135,150.65460000,16.73940000
0.90603519,150.65460000,12.36000000
0.90619903,155.00350000,16.73940000
0.90636287,155.00350000,3.61644300
0.90652671,155.00350000,12.36000000
0.90669055,159.35240000,12.36000000
0.90685439,155.00350000,-0.74770340
0.90701823,155.00350000,-0.74770340
0.90718207,155.00350000,-5.12710900
0.90734591,150.65460000,7.98059000
0.90750975,155.00350000,-5.12710900
0.90767359,150.65460000,-9.50651600
0.90783743,150.65460000,-5.12710900
0.90800127,155.00350000,-9.50651600
0.90816511,155.00350000,-9.50651600
0.90832895,155.00350000,-9.50651600
0.90849279,155.00350000,-13.88592000
0.90865663,155.00350000,-18.26533000
0.90882047,155.00350000,-22.64473000
0.90898431,150.65460000,-22.64473000
0.90914815,150.65460000,-27.02414000
0.90931199,141.95680000,-22.64473000
0.90947583,150.65460000,-27.02414000
0.90963967,150.65460000,-27.02414000
0.90980351,150.65460000,-31.40354000
0.90996735,150.65460000,-40.16236000
0.91013119,155.00350000,-40.16236000
0.91029503,150.65460000,-44.54176000
0.91045887,150.65460000,-40.16236000
0.91062271,150.65460000,-44.54176000
0.91078655,150.65460000,-40.16236000
0.91095039,150.65460000,-44.54176000
0.91111423,150.65460000,-48.92117000
0.91127807,155.00350000,-48.92117000
0.91144191,155.00350000,-53.28531000
0.91160575,155.00350000,-53.28531000
0.91176959,150.65460000,-62.04412000
0.91193343,150.65460000,-62.04412000
0.91209727,150.65460000,-57.66472000
0.91226111,155.00350000,-62.04412000
0.91242495,155.00350000,-62.04412000
0.91258879,155.00350000,-62.04412000
0.91275263,155.00350000,-62.04412000
0.91291647,155.00350000,-70.80294000
0.91308031,159.35240000,-70.80294000
0.91324415,155.00350000,-79.56175000
0.91340799,155.00350000,-66.42353000
0.91357183,150.65460000,-75.18234000
0.91373567,150.65460000,-79.56175000
0.91389951,150.65460000,-75.18234000
0.91406335,150.65460000,-83.94115000
0.91422719,155.00350000,-79.56175000
0.91439103,155.00350000,-88.32056000
0.91455487,155.00350000,-92.69997000
0.91471871,150.65460000,-88.32056000
0.91488255,155.00350000,-101.45880000
0.91504639,155.00350000,-92.69997000
0.91521023,150.65460000,-97.07938000
0.91537407,150.65460000,-92.69997000
0.91553791,146.30570000,-97.07938000
0.91570175,150.65460000,-101.45880000
0.91586559,155.00350000,-97.07938000
0.91602943,155.00350000,-105.83820000
0.91619327,155.00350000,-114.58170000
0.91635711,150.65460000,-110.20230000
0.91652095,155.00350000,-105.83820000
0.91668479,155.00350000,-118.96110000
0.91684863,150.65460000,-110.20230000
0.91701247,150.65460000,-110.20230000
0.91717631,150.65460000,-118.96110000
0.91734015,155.00350000,-118.96110000
0.91750399,155.00350000,-123.34050000
0.91766783,155.00350000,-127.72000000
0.91783167,155.00350000,-123.34050000
0.91799551,146.30570000,-127.72000000
0.91815935,155.00350000,-132.09940000
0.91832319,150.65460000,-132.09940000
0.91848703,155.00350000,-132.09940000
0.91865087,155.00350000,-132.09940000
0.91881471,155.00350000,-145.23760000
0.91897855,150.65460000,-145.23760000
0.91914239,155.00350000,-136.47880000
0.91930623,155.00350000,-145.23760000
0.91947007,155.00350000,-149.61700000
0.91963391,150.65460000,-145.23760000
0.91979775,150.65460000,-149.61700000
0.91996159,150.65460000,-149.61700000
0.92012543,155.00350000,-145.23760000
0.92028927,155.00350000,-149.61700000
0.92045311,155.00350000,-153.99640000
0.92061695,150.65460000,-158.37580000
0.92078079,150.65460000,-149.61700000
0.92094463,146.30570000,-167.11930000
0.92110847,150.65460000,-162.75520000
0.92127231,150.65460000,-162.75520000
0.92143615,150.65460000,-162.75520000
0.92159999,146.30570000,-162.75520000
0.92176383,155.00350000,-175.87820000
0.92192767,155.00350000,-171.49870000
0.92209151,150.65460000,-171.49870000
0.92225535,155.00350000,-180.25760000
0.92241919,155.00350000,-175.87820000
0.92258303,155.00350000,-175.87820000
0.92274687,155.00350000,-180.25760000
0.92291071,155.00350000,-184.63700000
0.92307455,155.00350000,-193.39580000
0.92323839,155.00350000,-180.25760000
0.92340223,155.00350000,-189.01640000
0.92356607,155.00350000,-189.01640000
0.92372991,150.65460000,-184.63700000
0.92389375,150.65460000,-193.39580000
0.92405759,155.00350000,-184.63700000
0.92422143,150.65460000,-193.39580000
0.92438527,150.65460000,-193.39580000
0.92454911,155.00350000,-193.39580000
0.92471295,150.65460000,-206.53400000
0.92487679,155.00350000,-202.15460000
0.92504063,150.65460000,-202.15460000
0.92520447,150.65460000,-206.53400000
0.92536831,150.65460000,-202.15460000
0.92553215,150.65460000,-210.91340000
0.92569599,150.65460000,-215.29280000
0.92585983,150.65460000,-210.91340000
0.92602367,150.65460000,-210.91340000
0.92618751,150.65460000,-210.91340000
0.92635135,150.65460000,-219.67220000
0.92651519,150.65460000,-215.29280000
0.92667903,150.65460000,-215.29280000
0.92684287,155.00350000,-224.03640000
0.92700671,155.00350000,-219.67220000
0.92717055,150.65460000,-219.67220000
0.92733439,150.65460000,-228.41580000
0.92749823,150.65460000,-224.03640000
0.92766207,150.65460000,-228.41580000
0.92782591,150.65460000,-232.79520000
0.92798975,155.00350000,-228.41580000
0.92815359,155.00350000,-232.79520000
0.92831743,155.00350000,-232.79520000
0.92848127,155.00350000,-237.17460000
0.92864511,155.00350000,-237.17460000
0.92880895,155.00350000,-241.55400000
0.92897279,155.00350000,-237.17460000
0.92913663,150.65460000,-241.55400000
0.92930047,150.65460000,-245.93340000
0.92946431,155.00350000,-250.31280000
0.92962815,155.00350000,-245.93340000
0.92979199,150.65460000,-250.31280000
0.92995583,150.65460000,-254.69220000
0.93011967,150.65460000,-254.69220000
0.93028351,150.65460000,-259.07160000
0.93044735,150.65460000,-254.69220000
0.93061119,155.00350000,-250.31280000
0.93077503,150.65460000,-254.69220000
0.93093887,150.65460000,-254.69220000
0.93110271,155.00350000,-263.45100000
0.93126655,155.00350000,-254.69220000
0.93143039,155.00350000,-263.45100000
0.93159423,150.65460000,-263.45100000
0.93175807,150.65460000,-263.45100000
0.93192191,150.65460000,-263.45100000
0.93208575,150.65460000,-267.83040000
0.93224959,146.30570000,-272.20980000
0.93241343,155.00350000,-272.20980000
0.93257727,155.00350000,-267.83040000
0.93274111,150.65460000,-272.20980000
0.93290495,150.65460000,-272.20980000
0.93306879,155.00350000,-276.58920000
0.93323263,155.00350000,-276.58920000
0.93339647,155.00350000,-276.58920000
0.93356031,150.65460000,-280.95340000
0.93372415,155.00350000,-276.58920000
0.93388799,155.00350000,-280.95340000
0.93405183,150.65460000,-280.95340000
0.93421567,155.00350000,-280.95340000
0.93437951,155.00350000,-289.71220000
0.93454335,155.00350000,-285.33280000
0.93470719,150.65460000,-289.71220000
0.93487103,150.65460000,-289.71220000
0.93503487,150.65460000,-289.71220000
0.93519871,150.65460000,-302.85040000
0.93536255,150.65460000,-298.47100000
0.93552639,155.00350000,-298.47100000
0.93569023,155.00350000,-294.09160000
0.93585407,155.00350000,-298.47100000
0.93601791,155.00350000,-302.85040000
0.93618175,155.00350000,-302.85040000
0.93634559,150.65460000,-307.22980000
0.93650943,150.65460000,-311.60920000
0.93667327,150.65460000,-307.22980000
0.93683711,150.65460000,-302.85040000
0.93700095,155.00350000,-302.85040000
0.93716479,155.00350000,-311.60920000
0.93732863,150.65460000,-307.22980000
0.93749247,155.00350000,-307.22980000
0.93765631,155.00350000,-307.22980000
0.93782015,155.00350000,-302.85040000
0.93798399,155.00350000,-315.98860000
0.93814783,150.65460000,-320.36800000
0.93831167,155.00350000,-320.36800000
0.93847551,155.00350000,-324.74750000
0.93863935,150.65460000,-320.36800000
0.93880319,155.00350000,-320.36800000
0.93896703,155.00350000,-320.36800000
0.93913087,150.65460000,-320.36800000
0.93929471,150.65460000,-324.74750000
0.93945855,155.00350000,-324.74750000
0.93962239,155.00350000,-324.74750000
0.93978623,150.65460000,-324.74750000
0.93995007,150.65460000,-333.49100000
0.94011391,155.00350000,-324.74750000
0.94027775,155.00350000,-324.74750000
0.94044159,155.00350000,-320.36800000
0.94060543,155.00350000,-337.87040000
0.94076927,150.65460000,-329.12680000
0.94093311,150.65460000,-329.12680000
0.94109695,155.00350000,-337.87040000
0.94126079,150.65460000,-324.74750000
0.94142463,155.00350000,-333.49100000
0.94158847,150.65460000,-324.74750000
0.94175231,150.65460000,-337.87040000
0.94191615,155.00350000,-342.24980000
0.94207999,150.65460000,-337.87040000
0.94224383,150.65460000,-333.49100000
0.94240767,155.00350000,-337.87040000
0.94257151,150.65460000,-337.87040000
0.94273535,155.00350000,-346.62920000
0.94289919,150.65460000,-342.24980000
0.94306303,155.00350000,-337.87040000
0.94322687,155.00350000,-342.24980000
0.94339071,155.00350000,-342.24980000
0.94355455,150.65460000,-351.00860000
0.94371839,150.65460000,-346.62920000
0.94388223,155.00350000,-346.62920000
0.94404607,155.00350000,-337.87040000
0.94420991,155.00350000,-342.24980000
0.94437375,155.00350000,-355.38800000
0.94453759,155.00350000,-351.00860000
0.94470143,150.65460000,-351.00860000
0.94486527,155.00350000,-346.62920000
0.94502911,155.00350000,-342.24980000
0.94519295,155.00350000,-355.38800000
0.94535679,150.65460000,-359.76740000
0.94552063,155.00350000,-355.38800000
0.94568447,150.65460000,-355.38800000
0.94584831,155.00350000,-351.00860000
0.94601215,150.65460000,-355.38800000
0.94617599,150.65460000,-351.00860000
0.94633983,155.00350000,-355.38800000
0.94650367,155.00350000,-364.14690000
0.94666751,155.00350000,-359.76740000
0.94683135,155.00350000,-355.38800000
0.94699519,150.65460000,-359.76740000
0.94715903,155.00350000,-359.76740000
0.94732287,150.65460000,-359.76740000
0.94748671,150.65460000,-359.76740000
0.94765055,150.65460000,-359.76740000
0.94781439,155.00350000,-364.14690000
0.94797823,150.65460000,-368.52620000
0.94814207,155.00350000,-364.14690000
0.94830591,155.00350000,-364.14690000
0.94846975,150.65460000,-364.14690000
0.94863359,155.00350000,-359.76740000
0.94879743,155.00350000,-359.76740000
0.94896127,155.00350000,-364.14690000
0.94912511,150.65460000,-359.76740000
0.94928895,150.65460000,-364.14690000
0.94945279,150.65460000,-377.28500000
0.94961663,150.65460000,-368.52620000
0.94978047,155.00350000,-364.14690000
0.94994431,155.00350000,-368.52620000
0.95010815,150.65460000,-368.52620000
0.95027199,150.65460000,-368.52620000
0.95043583,155.00350000,-377.28500000
0.95059967,150.65460000,-372.90560000
0.95076351,150.65460000,-372.90560000
0.95092735,155.00350000,-372.90560000
0.95109119,150.65460000,-368.52620000
0.95125503,150.65460000,-364.14690000
0.95141887,150.65460000,-372.90560000
0.95158271,155.00350000,-368.52620000
0.95174655,155.00350000,-368.52620000
0.95191039,155.00350000,-372.90560000
0.95207423,150.65460000,-377.28500000
0.95223807,150.65460000,-364.14690000
0.95240191,155.00350000,-368.52620000
0.95256575,155.00350000,-377.28500000
0.95272959,150.65460000,-377.28500000
0.95289343,150.65460000,-372.90560000
0.95305727,155.00350000,-368.52620000
0.95322111,155.00350000,-372.90560000
0.95338495,155.00350000,-368.52620000
0.95354879,150.65460000,-377.28500000
0.95371263,155.00350000,-372.90560000
0.95387647,155.00350000,-377.28500000
0.95404031,150.65460000,-372.90560000
0.95420415,155.00350000,-372.90560000
0.95436799,155.00350000,-372.90560000
0.95453183,155.00350000,-377.28500000
0.95469567,155.00350000,-381.66450000
0.95485951,150.65460000,-372.90560000
0.95502335,155.00350000,-377.28500000
0.95518719,150.65460000,-377.28500000
0.95535103,155.00350000,-372.90560000
0.95551487,155.00350000,-372.90560000
0.95567871,150.65460000,-386.04390000
0.95584255,150.65460000,-377.28500000
0.95600639,155.00350000,-377.28500000
0.95617023,155.00350000,-368.52620000
0.95633407,155.00350000,-368.52620000
0.95649791,155.00350000,-377.28500000
0.95666175,150.65460000,-372.90560000
0.95682559,150.65460000,-381.66450000
0.95698943,150.65460000,-372.90560000
0.95715327,155.00350000,-372.90560000
0.95731711,155.00350000,-372.90560000
0.95748095,155.00350000,-372.90560000
0.95764479,155.00350000,-377.28500000
0.95780863,155.00350000,-368.52620000
0.95797247,155.00350000,-390.40800000
0.95813631,150.65460000,-372.90560000
0.95830015,150.65460000,-377.28500000
0.95846399,150.65460000,-377.28500000
0.95862783,150.65460000,-372.90560000
0.95879167,150.65460000,-381.66450000
0.95895551,150.65460000,-377.28500000
0.95911935,150.65460000,-377.28500000
0.95928319,150.65460000,-377.28500000
0.95944703,155.00350000,-377.28500000
0.95961087,150.65460000,-368.52620000
0.95977471,150.65460000,-372.90560000
0.95993855,155.00350000,-368.52620000
0.96010239,150.65460000,-377.28500000
0.96026623,155.00350000,-377.28500000
0.96043007,155.00350000,-377.28500000
0.96059391,155.00350000,-372.90560000
0.96075775,155.00350000,-368.52620000
0.96092159,155.00350000,-372.90560000
0.96108543,150.65460000,-368.52620000
0.96124927,150.65460000,-377.28500000
0.96141311,150.65460000,-372.90560000
0.96157695,150.65460000,-372.90560000
0.96174079,150.65460000,-372.90560000
0.96190463,150.65460000,-368.52620000
0.96206847,155.00350000,-372.90560000
0.96223231,150.65460000,-377.28500000
0.96239615,150.65460000,-377.28500000
0.96255999,150.65460000,-368.52620000
0.96272383,150.65460000,-372.90560000
0.96288767,150.65460000,-372.90560000
0.96305151,155.00350000,-364.14690000
0.96321535,150.65460000,-377.28500000
0.96337919,155.00350000,-368.52620000
0.96354303,155.00350000,-368.52620000
0.96370687,155.00350000,-372.90560000
0.96387071,155.00350000,-364.14690000
0.96403455,155.00350000,-372.90560000
0.96419839,155.00350000,-368.52620000
0.96436223,150.65460000,-372.90560000
0.96452607,150.65460000,-364.14690000
0.96468991,150.65460000,-359.76740000
0.96485375,150.65460000,-359.76740000
0.96501759,155.00350000,-368.52620000
0.96518143,155.00350000,-359.76740000
0.96534527,155.00350000,-368.52620000
0.96550911,155.00350000,-364.14690000
0.96567295,150.65460000,-359.76740000
0.96583679,150.65460000,-368.52620000
0.96600063,150.65460000,-364.14690000
0.96616447,155.00350000,-359.76740000
0.96632831,155.00350000,-355.38800000
0.96649215,150.65460000,-364.14690000
0.96665599,150.65460000,-359.76740000
0.96681983,150.65460000,-359.76740000
0.96698367,155.00350000,-359.76740000
0.96714751,155.00350000,-355.38800000
0.96731135,150.65460000,-359.76740000
0.96747519,150.65460000,-355.38800000
0.96763903,155.00350000,-355.38800000
0.96780287,155.00350000,-359.76740000
0.96796671,155.00350000,-359.76740000
0.96813055,150.65460000,-351.00860000
0.96829439,155.00350000,-355.38800000
0.96845823,150.65460000,-355.38800000
0.96862207,150.65460000,-351.00860000
0.96878591,155.00350000,-355.38800000
0.96894975,155.00350000,-351.00860000
0.96911359,150.65460000,-351.00860000
0.96927743,150.65460000,-355.38800000
0.96944127,155.00350000,-342.24980000
0.96960511,155.00350000,-351.00860000
0.96976895,150.65460000,-351.00860000
0.96993279,150.65460000,-351.00860000
0.97009663,155.00350000,-346.62920000
0.97026047,150.65460000,-337.87040000
0.97042431,150.65460000,-342.24980000
0.97058815,155.00350000,-346.62920000
0.97075199,155.00350000,-337.87040000
0.97091583,150.65460000,-342.24980000
0.97107967,155.00350000,-346.62920000
0.97124351,155.00350000,-342.24980000
0.97140735,155.00350000,-342.24980000
0.97157119,155.00350000,-337.87040000
0.97173503,155.00350000,-342.24980000
0.97189887,150.65460000,-333.49100000
0.97206271,150.65460000,-333.49100000
0.97222655,155.00350000,-337.87040000
0.97239039,150.65460000,-342.24980000
0.97255423,150.65460000,-320.36800000
0.97271807,155.00350000,-324.74750000
0.97288191,150.65460000,-342.24980000
0.97304575,155.00350000,-329.12680000
0.97320959,150.65460000,-329.12680000
0.97337343,150.65460000,-329.12680000
0.97353727,155.00350000,-333.49100000
0.97370111,150.65460000,-324.74750000
0.97386495,155.00350000,-324.74750000
0.97402879,155.00350000,-324.74750000
0.97419263,150.65460000,-324.74750000
0.97435647,155.00350000,-329.12680000
0.97452031,150.65460000,-324.74750000
0.97468415,155.00350000,-320.36800000
0.97484799,150.65460000,-320.36800000
0.97501183,155.00350000,-320.36800000
0.97517567,155.00350000,-320.36800000
0.97533951,150.65460000,-320.36800000
0.97550335,155.00350000,-311.60920000
0.97566719,150.65460000,-320.36800000
0.97583103,155.00350000,-311.60920000
0.97599487,150.65460000,-315.98860000
0.97615871,155.00350000,-311.60920000
0.97632255,150.65460000,-311.60920000
0.97648639,155.00350000,-302.85040000
0.97665023,150.65460000,-302.85040000
0.97681407,155.00350000,-307.22980000
0.97697791,150.65460000,-307.22980000
0.97714175,155.00350000,-298.47100000
0.97730559,150.65460000,-302.85040000
0.97746943,150.65460000,-307.22980000
0.97763327,155.00350000,-307.22980000
0.97779711,150.65460000,-294.09160000
0.97796095,155.00350000,-294.09160000
0.97812479,150.65460000,-294.09160000
0.97828863,155.00350000,-298.47100000
0.97845247,150.65460000,-298.47100000
0.97861631,155.00350000,-298.47100000
0.97878015,150.65460000,-289.71220000
0.97894399,155.00350000,-285.33280000
0.97910783,155.00350000,-289.71220000
0.97927167,150.65460000,-289.71220000
0.97943551,155.00350000,-285.33280000
0.97959935,150.65460000,-289.71220000
0.97976319,155.00350000,-285.33280000
0.97992703,150.65460000,-285.33280000
0.98009087,155.00350000,-276.58920000
0.98025471,155.00350000,-289.71220000
0.98041855,150.65460000,-285.33280000
0.98058239,155.00350000,-285.33280000
0.98074623,150.65460000,-285.33280000
0.98091007,150.65460000,-272.20980000
0.98107391,155.00350000,-259.07160000
0.98123775,150.65460000,-276.58920000
0.98140159,155.00350000,-267.83040000
0.98156543,150.65460000,-272.20980000
0.98172927,155.00350000,-276.58920000
0.98189311,150.65460000,-259.07160000
0.98205695,150.65460000,-263.45100000
0.98222079,150.65460000,-254.69220000
0.98238463,155.00350000,-272.20980000
0.98254847,150.65460000,-267.83040000
0.98271231,155.00350000,-259.07160000
0.98287615,150.65460000,-254.69220000
0.98303999,155.00350000,-259.07160000
0.98320383,155.00350000,-259.07160000
0.98336767,150.65460000,-259.07160000
0.98353151,150.65460000,-250.31280000
0.98369535,155.00350000,-254.69220000
0.98385919,155.00350000,-254.69220000
0.98402303,150.65460000,-254.69220000
0.98418687,150.65460000,-259.07160000
0.98435071,155.00350000,-245.93340000
0.98451455,150.65460000,-250.31280000
0.98467839,155.00350000,-241.55400000
0.98484223,155.00350000,-245.93340000
0.98500607,155.00350000,-245.93340000
0.98516991,150.65460000,-237.17460000
0.98533375,155.00350000,-237.17460000
0.98549759,155.00350000,-250.31280000
0.98566143,155.00350000,-232.79520000
0.98582527,150.65460000,-232.79520000
0.98598911,150.65460000,-228.41580000
0.98615295,155.00350000,-232.79520000
0.98631679,155.00350000,-228.41580000
0.98648063,155.00350000,-228.41580000
0.98664447,150.65460000,-228.41580000
0.98680831,155.00350000,-219.67220000
0.98697215,155.00350000,-219.67220000
0.98713599,155.00350000,-219.67220000
0.98729983,155.00350000,-219.67220000
0.98746367,150.65460000,-215.29280000
0.98762751,150.65460000,-215.29280000
0.98779135,155.00350000,-215.29280000
0.98795519,155.00350000,-210.91340000
0.98811903,155.00350000,-210.91340000
0.98828287,155.00350000,-206.53400000
0.98844671,150.65460000,-206.53400000
0.98861055,150.65460000,-202.15460000
0.98877439,150.65460000,-206.53400000
0.98893823,155.00350000,-202.15460000
0.98910207,155.00350000,-202.15460000
0.98926591,155.00350000,-206.53400000
0.98942975,155.00350000,-193.39580000
0.98959359,155.00350000,-197.77520000
0.98975743,150.65460000,-197.77520000
0.98992127,150.65460000,-193.39580000
0.99008511,155.00350000,-189.01640000
0.99024895,155.00350000,-197.77520000
0.99041279,155.00350000,-184.63700000
0.99057663,155.00350000,-180.25760000
0.99074047,155.00350000,-184.63700000
0.99090431,150.65460000,-184.63700000
0.99106815,155.00350000,-180.25760000
0.99123199,150.65460000,-180.25760000
0.99139583,155.00350000,-184.63700000
0.99155967,155.00350000,-175.87820000
0.99172351,155.00350000,-171.49870000
0.99188735,155.00350000,-171.49870000
0.99205119,150.65460000,-167.11930000
0.99221503,155.00350000,-167.11930000
0.99237887,150.65460000,-167.11930000
0.99254271,150.65460000,-180.25760000
0.99270655,150.65460000,-167.11930000
0.99287039,150.65460000,-158.37580000
0.99303423,155.00350000,-162.75520000
0.99319807,155.00350000,-158.37580000
0.99336191,155.00350000,-158.37580000
0.99352575,155.00350000,-153.99640000
0.99368959,155.00350000,-158.37580000
0.99385343,155.00350000,-149.61700000
0.99401727,155.00350000,-149.61700000
0.99418111,150.65460000,-149.61700000
0.99434495,150.65460000,-145.23760000
0.99450879,150.65460000,-149.61700000
0.99467263,150.65460000,-140.85820000
0.99483647,155.00350000,-136.47880000
0.99500031,150.65460000,-132.09940000
0.99516415,150.65460000,-145.23760000
0.99532799,150.65460000,-132.09940000
0.99549183,150.65460000,-136.47880000
0.99565567,150.65460000,-136.47880000
0.99581951,150.65460000,-132.09940000
0.99598335,150.65460000,-127.72000000
0.99614719,150.65460000,-123.34050000
0.99631103,155.00350000,-123.34050000
0.99647487,155.00350000,-123.34050000
0.99663871,150.65460000,-118.96110000
0.99680255,155.00350000,-114.58170000
0.99696639,155.00350000,-114.58170000
0.99713023,155.00350000,-114.58170000
0.99729407,155.00350000,-118.96110000
0.99745791,155.00350000,-97.07938000
0.99762175,155.00350000,-110.20230000
0.99778559,155.00350000,-110.20230000
0.99794943,150.65460000,-101.45880000
0.99811327,155.00350000,-101.45880000
0.99827711,155.00350000,-101.45880000
0.99844095,155.00350000,-101.45880000
0.99860479,150.65460000,-97.07938000
0.99876863,155.00350000,-101.45880000
0.99893247,150.65460000,-97.07938000
0.99909631,150.65460000,-88.32056000
0.99926015,150.65460000,-92.69997000
0.99942399,150.65460000,-88.32056000
0.99958783,150.65460000,-88.32056000
0.99975167,155.00350000,-88.32056000
0.99991551,150.65460000,-88.32056000
1.00007935,150.65460000,-79.56175000
1.00024319,150.65460000,-79.56175000
1.00040703,150.65460000,-79.56175000
1.00057087,150.65460000,-79.56175000
